#    time[fs]          Re(autocorrel)      Im(autocorrel)      Abs(autocorrel)
     0.00000000        1.00000000000000    0.00000000000000    1.00000000000000
     0.20000000       -0.25192545988755    0.95236649349946    0.98512353300488
     0.40000000       -0.82389991938275   -0.47746235765124    0.95225069185209
     0.60000000        0.64211074289015   -0.62886740844469    0.89876605606736
     0.80000000        0.39635375903813    0.72759571622076    0.82854802429699
     1.00000000       -0.72916485393523    0.15952845157076    0.74641189103266
     1.20000000        0.05047008411624   -0.65569113554424    0.65763066733691
     1.40000000        0.52690475807571    0.21004182989490    0.56722675746867
     1.60000000       -0.30652842114140    0.36872406627708    0.47949672576499
     1.80000000       -0.20788824439108   -0.33908781707113    0.39774120963520
     2.00000000        0.31715411803423   -0.06708628116426    0.32417171947368
     2.20000000       -0.03845104194992    0.25710734863413    0.25996667353472
     2.40000000       -0.17809984826111   -0.10238163785764    0.20543017237261
     2.60000000        0.12670015559077   -0.09804105631607    0.16020292803284
     2.80000000        0.03055954914750    0.11964095757433    0.12348216378652
     3.00000000       -0.09274716558502   -0.01658837545023    0.09421895204327
     3.20000000        0.04159394572545   -0.05788086160184    0.07127587572793
     3.40000000        0.02482580679103    0.04743627572161    0.05353990042167
     3.60000000       -0.03999319044209   -0.00012053113414    0.03999337206953
     3.80000000        0.01446948306851   -0.02599497338335    0.02975070724321
     4.00000000        0.01131391453764    0.01894940198148    0.02206999088402
     4.20000000       -0.01634786989999   -0.00009767151836    0.01634816167012
     4.40000000        0.00652902816767   -0.01019544226376    0.01210682665969
     4.60000000        0.00364708728995    0.00819940636794    0.00897393506145
     4.80000000       -0.00655366794675   -0.00121190589944    0.00666477902600
     5.00000000        0.00356967724140   -0.00344991261778    0.00496432197567
     5.20000000        0.00048494573519    0.00368002230743    0.00371183735491
     5.40000000       -0.00241484968183   -0.00139370112584    0.00278817176910
     5.60000000        0.00195817916488   -0.00077384678047    0.00210554137490
     5.80000000       -0.00048882872634    0.00152304013555    0.00159956393376
     6.00000000       -0.00064769798483   -0.00103759861959    0.00122316130373
     6.20000000        0.00093015972453    0.00014889697628    0.00094200181671
     6.40000000       -0.00056784148781    0.00046049384062    0.00073109406545
     6.60000000        0.00003576362174   -0.00057102647329    0.00057214532231
     6.80000000        0.00030848061202    0.00033002080210    0.00045174552329
     7.00000000       -0.00036000107018   -0.00000610638812    0.00036005285516
     7.20000000        0.00020733056626   -0.00020252397608    0.00028983085514
     7.40000000       -0.00000413075738    0.00023570935064    0.00023574554319
     7.60000000       -0.00013235301466   -0.00014163981372    0.00019385344289
     7.80000000        0.00016093553301    0.00000972610482    0.00016122916268
     8.00000000       -0.00010475262606    0.00008625510043    0.00013569471256
     8.20000000        0.00001636414371   -0.00011445867789    0.00011562255032
     8.40000000        0.00005544146343    0.00008297413883    0.00009979210180
     8.60000000       -0.00008437064509   -0.00002236744295    0.00008728521213
     8.80000000        0.00006951927057   -0.00003404929181    0.00007740983951
     9.00000000       -0.00002765273258    0.00006391909534    0.00006964427018
     9.20000000       -0.00001829019815   -0.00006090949418    0.00006359636648
     9.40000000        0.00004915088933    0.00003259023481    0.00005897400552
     9.60000000       -0.00005527356469    0.00000567139297    0.00005556376204
     9.80000000        0.00003764859697   -0.00003761002811    0.00005321589112
    10.00000000       -0.00000556685957    0.00005153449977    0.00005183429938
    10.20000000       -0.00002760167934   -0.00004332540482    0.00005137064731
    10.40000000        0.00004900530535    0.00001685244022    0.00005182204834
    10.60000000       -0.00005019108428    0.00001773522309    0.00005323234993
    10.80000000        0.00002961251277   -0.00004717291260    0.00005569725842
    11.00000000        0.00000657187086    0.00005900914550    0.00005937397358
    11.20000000       -0.00004557104249   -0.00004564086235    0.00006449657533
    11.40000000        0.00007097932580    0.00000775414467    0.00007140162078
    11.60000000       -0.00006767280327    0.00004372103998    0.00008056759671
    11.80000000        0.00002811227779   -0.00008829489281    0.00009266222671
    12.00000000        0.00004116578779    0.00010051236025    0.00010861563721
    12.20000000       -0.00011532884577   -0.00005940015669    0.00012972710311
    12.40000000        0.00015322725772   -0.00003779320202    0.00015781925937
    12.60000000       -0.00011022162139    0.00016141960183    0.00019546123318
    12.80000000       -0.00003549258676   -0.00024372078884    0.00024629158863
    13.00000000        0.00024782278724    0.00019523052281    0.00031548548447
    13.20000000       -0.00040802861530    0.00004432788377    0.00041042942412
    13.40000000        0.00033611605845   -0.00042480152169    0.00054169210589
    13.60000000        0.00010303916232    0.00071704751700    0.00072441301107
    13.80000000       -0.00081122305430   -0.00055031943442    0.00098027257624
    14.00000000        0.00129632177783   -0.00034035464061    0.00134025797258
    14.20000000       -0.00078667027881    0.00167273961126    0.00184848801312
    14.40000000       -0.00113313534972   -0.00230382102122    0.00256740861933
    14.60000000        0.00351729788201    0.00069181787228    0.00358468915796
    14.80000000       -0.00368007372908    0.00341740035090    0.00502210790503
    15.00000000       -0.00100825264542   -0.00697406860637    0.00704657408415
    15.20000000        0.00895085372938    0.00419029588336    0.00988313523508
    15.40000000       -0.01160649559983    0.00751920211233    0.01382928561116
    15.60000000       -0.00076744778843   -0.01925380022633    0.01926908921728
    15.80000000        0.02376093307138    0.01214429888425    0.02668456362418
    16.00000000       -0.03008774611348    0.02094567914755    0.03666052292509
    16.20000000       -0.00693436441126   -0.04939346899371    0.04987785269056
    16.40000000        0.06392308712452    0.02036757206236    0.06708948545968
    16.60000000       -0.05983927844395    0.06598742916271    0.08907906629616
    16.80000000       -0.04806266211065   -0.10623864943887    0.11660476029630
    17.00000000        0.15022613740486   -0.00496447746233    0.15030814480944
    17.20000000       -0.06401764148046    0.17953394289737    0.19060612548656
    17.40000000       -0.18121590213051   -0.15363100190701    0.23757459445809
    17.60000000        0.25234723305104   -0.14459554524716    0.29083843923017
    17.80000000        0.06428051851479    0.34352514761839    0.34948749921387
    18.00000000       -0.40800649373565   -0.05749864038417    0.41203809602570
    18.20000000        0.20989337646660   -0.42773355235266    0.47645694589624
    18.40000000        0.38967878586545    0.37420218453972    0.54025626425602
    18.60000000       -0.52643864232884    0.28922520818078    0.60065702791547
    18.80000000       -0.13218159633483   -0.64132526952085    0.65480537240895
    19.00000000        0.69697977770499    0.06514133038368    0.70001728796785
    19.20000000       -0.27798065409165    0.67934573463950    0.73401898560058
    19.40000000       -0.58540723567985   -0.47702174330603    0.75514990245185
    19.60000000        0.63345507937098   -0.42443398918615    0.76250216311652
    19.80000000        0.21688802834244    0.72419984846136    0.75598005089403
    20.00000000       -0.73622111380204   -0.00889080849716    0.73627479576830
    20.20000000        0.22161249242107   -0.66901427292726    0.70476392797693
    20.40000000        0.53469943832400    0.39260158541297    0.66335472728607
    20.60000000       -0.50085674430304    0.35566984998970    0.61429514120294
    20.80000000       -0.16027707857763   -0.53655003792236    0.55997739696515
    21.00000000        0.50225212418361    0.02252846402343    0.50275712619336
    21.20000000       -0.16845151762749    0.41167313092199    0.44480409228571
    21.40000000       -0.28627238323143   -0.26189147555240    0.38799358547278
    21.60000000        0.29796040399811   -0.15056498471264    0.33384160461548
    21.80000000        0.02722245939159    0.28219152768185    0.28350153542925
    22.00000000       -0.22813781541074   -0.06699859404158    0.23777231635313
    22.20000000        0.12359657134772   -0.15350929685423    0.19708175123433
    22.40000000        0.07602333008568    0.14253638199966    0.16154308066540
    22.60000000       -0.13064714118031    0.00994436597250    0.13102505834069
    22.80000000        0.03602544970822   -0.09886164989538    0.10522100002716
    23.00000000        0.05911877575188    0.05926650383502    0.08371109916389
    23.20000000       -0.06234998940785    0.02168936979611    0.06601477062984
    23.40000000        0.00655079314806   -0.05121468635241    0.05163193768439
    23.60000000        0.03302243467695    0.02270239961377    0.04007343434517
    23.80000000       -0.02739323146762    0.01425780192081    0.03088161339457
    24.00000000        0.00053878643988   -0.02363666521279    0.02364280510450
    24.20000000        0.01543221467245    0.00925253074558    0.01799340364952
    24.40000000       -0.01196527020636    0.00650918251207    0.01362120215277
    24.60000000        0.00051262846653   -0.01025064618123    0.01026345629296
    24.80000000        0.00629397273675    0.00444081065553    0.00770291451914
    25.00000000       -0.00536220988633    0.00211088481429    0.00576273629140
    25.20000000        0.00095388674679   -0.00419387161498    0.00430098349784
    25.40000000        0.00213896088128    0.00238704068198    0.00320517033386
    25.60000000       -0.00237622218846    0.00022846481534    0.00238717993892
    25.80000000        0.00094118643420   -0.00150929306601    0.00177870668268
    26.00000000        0.00044366792709    0.00125095930880    0.00132730570020
    26.20000000       -0.00093260638026   -0.00034118795299    0.00099305784312
    26.40000000        0.00065116857627   -0.00036361711779    0.00074581359808
    26.60000000       -0.00012328392431    0.00054929383323    0.00056295882728
    26.80000000       -0.00024175472091   -0.00035274030089    0.00042763426541
    27.00000000        0.00032278912840    0.00005447676195    0.00032735384373
    27.20000000       -0.00020625492499    0.00014636056356    0.00025290810317
    27.40000000        0.00003675785553   -0.00019404968518    0.00019750043104
    27.60000000        0.00008319747442    0.00013211817188    0.00015613145452
    27.80000000       -0.00012039505395   -0.00003411235919    0.00012513441599
    28.00000000        0.00009208279000   -0.00004346475715    0.00010182546503
    28.20000000       -0.00003490850182    0.00007666982137    0.00008424289293
    28.40000000       -0.00001836415567   -0.00006853656066    0.00007095422722
    28.60000000        0.00004914275826    0.00003599423383    0.00006091465799
    28.80000000       -0.00005333336775    0.00000180220363    0.00005336380846
    29.00000000        0.00003681897205   -0.00003040588315    0.00004775096264
    29.20000000       -0.00001003919849    0.00004251207779    0.00004368137205
    29.40000000       -0.00001631012001   -0.00003748350251    0.00004087827020
    29.60000000        0.00003392878285    0.00001954667452    0.00003915654212
    29.80000000       -0.00003816399959    0.00000429896510    0.00003840536376
    30.00000000        0.00002833433147   -0.00002618066675    0.00003857799439
    30.20000000       -0.00000751258633    0.00003897010463    0.00003968763042
    30.40000000       -0.00001805382801   -0.00003770997132    0.00004180888235
    30.60000000        0.00003992697208    0.00002094052354    0.00004508512643
    30.80000000       -0.00004907261338    0.00000813645578    0.00004974257027
    31.00000000        0.00003830280485   -0.00004100631864    0.00005611259242
    31.20000000       -0.00000559639800    0.00006442225615    0.00006466488040
    31.40000000       -0.00004225968885   -0.00006323363107    0.00007605506821
    31.60000000        0.00008730017316    0.00002635663895    0.00009119206463
    31.80000000       -0.00010213425392    0.00004431107454    0.00011133228260
    32.00000000        0.00005930202538   -0.00012484186664    0.00013821078786
    32.20000000        0.00005001874164    0.00016689786981    0.00017423195305
    32.40000000       -0.00019248432807   -0.00011207786195    0.00022273675873
    32.60000000        0.00027983816832   -0.00006956081163    0.00028835413464
    32.80000000       -0.00019308866101    0.00032436880291    0.00037748953802
    33.00000000       -0.00013460828756   -0.00048048983058    0.00049898884594
    33.20000000        0.00059373007945    0.00029958274359    0.00066503024556
    33.40000000       -0.00082747335873    0.00033391816887    0.00089230796417
    33.60000000        0.00037378109274   -0.00114406892845    0.00120358049932
    33.80000000        0.00088797300997    0.00136649487084    0.00162966386057
    34.00000000       -0.00220449239144   -0.00018146191078    0.00221194826544
    34.20000000        0.00198269054270   -0.00225875948868    0.00300550431971
    34.40000000        0.00093808442996    0.00397358735352    0.00408281751414
    34.60000000       -0.00516836383725   -0.00198972815659    0.00553814074319
    34.80000000        0.00608632337634   -0.00436946896326    0.00749236886854
    35.00000000        0.00060607685690    0.01008002277566    0.01009822698865
    35.20000000       -0.01198240050091   -0.00631669496517    0.01354542568719
    35.40000000        0.01533301304573   -0.00955258207373    0.01806524600818
    35.60000000        0.00106894319193    0.02390992752606    0.02393381026601
    35.80000000       -0.02830528036151   -0.01376108182574    0.03147310390410
    36.00000000        0.03303081254335   -0.02437122378860    0.04104864341520
    36.20000000        0.00881855180886    0.05232460951919    0.05306252554620
    36.40000000       -0.06513300993692   -0.01932917619517    0.06794060667838
    36.60000000        0.05750996107947   -0.06409373345074    0.08611273013334
    36.80000000        0.04291604508104    0.09909096061788    0.10798520917965
    37.00000000       -0.13389790597415   -0.00141394962510    0.13390537135531
    37.20000000        0.06674331352953   -0.14993486537236    0.16411926686142
    37.40000000        0.13609096528839    0.14483679953266    0.19874216797648
    37.60000000       -0.22193240426162    0.08522147983723    0.23773239721794
    37.80000000        0.00320578179228   -0.28082127355947    0.28083957114420
    38.00000000        0.30415748112954    0.12160929114269    0.32756769227031
    38.20000000       -0.25449250885942    0.27834233844677    0.37714837191426
    38.40000000       -0.19710219612120   -0.38050888739400    0.42852804937556
    38.60000000        0.47610852863981   -0.06387218000235    0.48037379864208
    38.80000000       -0.10768176507568    0.52007102226006    0.53110190239204
    39.00000000       -0.49797303820417   -0.29527258801574    0.57893268003439
    39.20000000        0.47152814863490   -0.40559916052708    0.62197224534164
    39.40000000        0.25049680869706    0.60879806941319    0.65831887447394
    39.60000000       -0.68427189061515    0.05125844727967    0.68618907649682
    39.80000000        0.16540079162333   -0.68435010422786    0.70405432107636
    40.00000000        0.60734726166297    0.36922916348850    0.71077483876395
    40.20000000       -0.53177895698717    0.46394562088498    0.70571552217073
    40.40000000       -0.27529009073268   -0.63142780811601    0.68882923204361
    40.60000000        0.65706862959251   -0.06910765202385    0.66069285720585
    40.80000000       -0.12534664940478    0.60973605717160    0.62248682068955
    41.00000000       -0.50188273373971   -0.28247796064008    0.57591672720404
    41.20000000        0.38462081157068   -0.35451788533290    0.52308326269744
    41.40000000        0.19287254728077    0.42455644861285    0.46631319684664
    41.60000000       -0.40585156470665    0.04155243089647    0.40797315731338
    41.80000000        0.07978916230625   -0.34108044409669    0.35028870916249
    42.00000000        0.24845671732365    0.15939442630878    0.29519031745901
    42.20000000       -0.19445644963057    0.14772244501796    0.24420325871087
    42.40000000       -0.05624736361154   -0.19025069573297    0.19839126276156
    42.60000000        0.15776191453588    0.01384168516045    0.15836797001322
    42.80000000       -0.05702678135848    0.11047145139747    0.12432214350618
    43.00000000       -0.06114806492124   -0.07409746306574    0.09607039021671
    43.20000000        0.07052659844472   -0.01945039164392    0.07315954362409
    43.40000000       -0.00926958116280    0.05418307776943    0.05497027425347
    43.60000000       -0.03305148836427   -0.02393545154420    0.04080816981584
    43.80000000        0.02676746620849   -0.01349147990213    0.02997527776639
    44.00000000       -0.00067728972542    0.02180943225364    0.02181994630145
    44.20000000       -0.01343701609958   -0.00824784993848    0.01576643365724
    44.40000000        0.01005533034099   -0.00521645380487    0.01132788853074
    44.60000000       -0.00069619916909    0.00807725420063    0.00810720227357
    44.80000000       -0.00452497149350   -0.00361249792706    0.00579012161271
    45.00000000        0.00396650703339   -0.00116570982649    0.00413425415831
    45.20000000       -0.00101090449941    0.00277846043485    0.00295664849026
    45.40000000       -0.00113344288804   -0.00179361094262    0.00212172877483
    45.60000000        0.00151991989417    0.00018012564913    0.00153055602124
    45.80000000       -0.00081467658911    0.00075661766565    0.00111183102890
    46.00000000       -0.00001778020408   -0.00081449473581    0.00081468878126
    46.20000000        0.00045090003791    0.00040056001897    0.00060312450869
    46.40000000       -0.00045050500356    0.00003413997207    0.00045179674183
    46.60000000        0.00022426072569   -0.00025944556657    0.00034293567196
    46.80000000        0.00001350253448    0.00026376014539    0.00026410553333
    47.00000000       -0.00014791286357   -0.00014425040838    0.00020660686225
    47.20000000        0.00016420393041    0.00000687226032    0.00016434767635
    47.40000000       -0.00010387904743    0.00008313898823    0.00013305242523
    47.60000000        0.00002090886490   -0.00010770032405    0.00010971116822
    47.80000000        0.00004430856980    0.00008085847178    0.00009220272131
    48.00000000       -0.00007321510451   -0.00002974068741    0.00007902505942
    48.20000000        0.00006621879700   -0.00001976670187    0.00006910608930
    48.40000000       -0.00003537798792    0.00005052441316    0.00006167915656
    48.60000000       -0.00000305948833   -0.00005611334519    0.00005619669009
    48.80000000        0.00003434233030    0.00003940536060    0.00005227024100
    49.00000000       -0.00004870716607   -0.00000952090812    0.00004962898062
    49.20000000        0.00004292457661   -0.00002168539960    0.00004809132804
    49.40000000       -0.00002029071578    0.00004299897740    0.00004754603247
    49.60000000       -0.00001063427084   -0.00004674586216    0.00004794020594
    49.80000000        0.00003834803926    0.00003093915634    0.00004927274611
    50.00000000       -0.00005159134730   -0.00000030576684    0.00005159225339
    50.20000000        0.00004301723733   -0.00003426955452    0.00005499895521
    50.40000000       -0.00001260582017    0.00005830340969    0.00005965060170
    50.60000000       -0.00003034786851   -0.00005835291021    0.00006577275464
    50.80000000        0.00006812361232    0.00002805478730    0.00007367426720
    51.00000000       -0.00007955361951    0.00002623917272    0.00008376916236
    51.20000000        0.00004914544702   -0.00008317204785    0.00009660675186
    51.40000000        0.00002183313495    0.00011078172924    0.00011291269776
    51.60000000       -0.00010738015442   -0.00007956359408    0.00013364453998
    51.80000000        0.00015907250559   -0.00001781166947    0.00016006660365
    52.00000000       -0.00012473707347    0.00014838770910    0.00019385110190
    52.20000000       -0.00001723265146   -0.00023658784600    0.00023721461412
    52.40000000        0.00022141334191    0.00019205490931    0.00029310229642
    52.60000000       -0.00036422987192    0.00002967422568    0.00036543666929
    52.80000000        0.00028928704385   -0.00035694913468    0.00045945585042
    53.00000000        0.00008145397052    0.00057648832528    0.00058221434069
    53.20000000       -0.00061526756448   -0.00041697560034    0.00074325152350
    53.40000000        0.00092505707231   -0.00023911334654    0.00095546102983
    53.60000000       -0.00054351659445    0.00111041726044    0.00123629963226
    53.80000000       -0.00065909553394   -0.00146828358396    0.00160942959019
    54.00000000        0.00203777708996    0.00053539811700    0.00210693773331
    54.20000000       -0.00220667324390    0.00167818861283    0.00277231380359
    54.40000000       -0.00000755151539   -0.00366440672363    0.00366441450460
    54.60000000        0.00392871010985    0.00286547158713    0.00486268347149
    54.80000000       -0.00613571477051    0.00206511547112    0.00647392443994
    55.00000000        0.00234399139771   -0.00831693194649    0.00864092892432
    55.20000000        0.00756256884586    0.00873409325742    0.01155321741237
    55.40000000       -0.01529009397262    0.00228574206759    0.01545999969247
    55.60000000        0.00804327182232   -0.01905732723304    0.02068516238454
    55.80000000        0.01653845909992    0.02215057635204    0.02764360074461
    56.00000000       -0.03655057790918    0.00474620547969    0.03685744445767
    56.20000000        0.01748502985940   -0.04574160289240    0.04896958754523
    56.40000000        0.04315297207671    0.04827474971719    0.06475052478019
    56.60000000       -0.08198375844986    0.02279213982862    0.08509299787604
    56.80000000        0.01869788495814   -0.10940095218798    0.11098729315352
    57.00000000        0.11904711209260    0.08007002044805    0.14346924085720
    57.20000000       -0.15420073845552    0.09953229188350    0.18353349794468
    57.40000000       -0.04257202909109   -0.22806796728180    0.23200727437083
    57.60000000        0.28429887916569    0.05401902553344    0.28938539668486
    57.80000000       -0.18418331233262    0.30422690734014    0.35563675807144
    58.00000000       -0.27195773991142   -0.33308499795209    0.43000770709194
    58.20000000        0.47869483564218   -0.17856405692184    0.51091473661941
    58.40000000        0.02521089229850    0.59534675930759    0.59588031760458
    58.60000000       -0.65850583370857   -0.17562478714812    0.68152329299082
    58.80000000        0.40124016572676   -0.64981234362355    0.76370789737829
    59.00000000        0.56126369452640    0.62205516264066    0.83783623707818
    59.20000000       -0.80661879440167    0.39754810936802    0.89926546622456
    59.40000000       -0.17593967747718   -0.92725711955963    0.94380111034307
    59.60000000        0.96518305152724    0.07629649217393    0.96819392565409
    59.80000000       -0.32648533095872    0.91399454841545    0.97055587467409
    60.00000000       -0.78084066860055   -0.54218088058963    0.95061677715970
    60.20000000        0.69671396792082   -0.58504029572885    0.90977057587200
    60.40000000        0.35448240439401    0.77354795727084    0.85090200212648
    60.60000000       -0.76862278250285    0.12058071750949    0.77802358011665
    60.80000000        0.08717063158958   -0.69030923239877    0.69579131594660
    61.00000000        0.55710524955753    0.24596254750497    0.60898590612566
    61.20000000       -0.34287557628468    0.39365484941299    0.52204195356208
    61.40000000       -0.22597978072850   -0.37600706666987    0.43868915587666
    61.60000000        0.35346803942872   -0.07691734979566    0.36174014651013
    61.80000000       -0.03735615437082    0.29063574247045    0.29302664907944
    62.00000000       -0.20638191511824   -0.10913343331951    0.23346006329987
    62.20000000        0.13913237657461   -0.11914904916226    0.18317836697484
    62.40000000        0.04369609168950    0.13483351119668    0.14173716580546
    62.60000000       -0.10775759493255   -0.01089857916967    0.10830733259372
    62.80000000        0.04173480302496   -0.07041319761151    0.08185238042604
    63.00000000        0.03362706318110    0.05121798883029    0.06127039870937
    63.20000000       -0.04524380966796    0.00478274967232    0.04549590099887
    63.40000000        0.01280225850622   -0.03102891980346    0.03356622837063
    63.60000000        0.01514841493137    0.01944294730623    0.02464756935047
    63.80000000       -0.01790554444179    0.00222151642090    0.01804282840814
    64.00000000        0.00556495028209   -0.01195673352509    0.01318833379287
    64.20000000        0.00508718003834    0.00818897734969    0.00964047461364
    64.40000000       -0.00705113791998   -0.00030535240469    0.00705774652829
    64.60000000        0.00318442280810   -0.00408802167650    0.00518193688193
    64.80000000        0.00102544926309    0.00368045151811    0.00382063732489
    65.00000000       -0.00262617856544   -0.00106026908107    0.00283213424503
    65.20000000        0.00183982729382   -0.00103912606596    0.00211299490110
    65.40000000       -0.00027749336467    0.00156381269204    0.00158824201658
    65.60000000       -0.00076564589645   -0.00092892161480    0.00120378943557
    65.80000000        0.00092027479540    0.00002931818663    0.00092074168751
    66.00000000       -0.00049387217364    0.00051171636612    0.00071117041787
    66.20000000       -0.00002965170785   -0.00055423335915    0.00055502598153
    66.40000000        0.00033225756805    0.00028523924432    0.00043790012334
    66.60000000       -0.00034812269131    0.00003004696992    0.00034941698386
    66.80000000        0.00018192702238   -0.00021557614728    0.00028208246444
    67.00000000        0.00001651733133    0.00022987116714    0.00023046382735
    67.20000000       -0.00014116746719   -0.00012807122277    0.00019060559250
    67.40000000        0.00015959430277   -0.00000250742890    0.00015961399900
    67.60000000       -0.00009820060977    0.00009316288484    0.00013536130492
    67.80000000        0.00000892881759   -0.00011593156096    0.00011627489244
    68.00000000        0.00006124318631    0.00008054805205    0.00010118654337
    68.20000000       -0.00008742708558   -0.00001781895834    0.00008922449535
    68.40000000        0.00006951470335   -0.00003905927663    0.00007973657300
    68.60000000       -0.00002490153316    0.00006781207246    0.00007223962572
    68.80000000       -0.00002273567055   -0.00006235904312    0.00006637440000
    69.00000000        0.00005355866229    0.00003098036150    0.00006187336345
    69.20000000       -0.00005771502557    0.00000980078882    0.00005854126441
    69.40000000        0.00003680754834   -0.00004252435039    0.00005624158595
    69.60000000       -0.00000149055543    0.00005486731784    0.00005488756073
    69.80000000       -0.00003324773319   -0.00004310414868    0.00005443693044
    70.00000000        0.00005343225996    0.00001256650774    0.00005489010403
    70.20000000       -0.00005065800242    0.00002454603184    0.00005629157031
    70.40000000        0.00002486617021   -0.00005321140373    0.00005873482705
    70.60000000        0.00001521422640    0.00006048745768    0.00006237150970
    70.80000000       -0.00005413335451   -0.00004019732805    0.00006742585004
    71.00000000        0.00007412330372   -0.00000371194712    0.00007421618897
    71.20000000       -0.00006126345093    0.00005627372100    0.00008318618932
    71.40000000        0.00001226934507   -0.00009415368417    0.00009494973971
    71.60000000        0.00006002949878    0.00009259984359    0.00011035520720
    71.80000000       -0.00012537697302   -0.00003648347141    0.00013057729148
    72.00000000        0.00014238412476   -0.00006673741934    0.00015724859975
    72.20000000       -0.00007514394146    0.00017738882573    0.00019264840366
    72.40000000       -0.00008065012745   -0.00022601494754    0.00023997333095
    72.60000000        0.00027057074195    0.00013798864849    0.00030372585256
    72.80000000       -0.00037293710780    0.00011501934086    0.00039027110468
    73.00000000        0.00023722658036   -0.00044992275261    0.00050863241515
    73.20000000        0.00021008820057    0.00063791850385    0.00067162271371
    73.40000000       -0.00081533501127   -0.00037500980622    0.00089744277553
    73.60000000        0.00111156657535   -0.00048290499850    0.00121193130540
    73.80000000       -0.00048749993017    0.00157824763502    0.00165182377370
    74.00000000       -0.00124952502748   -0.00189414799396    0.00226916491629
    74.20000000        0.00312649637026    0.00025933133014    0.00313723322245
    74.40000000       -0.00289307990112    0.00325977572974    0.00435844572324
    74.60000000       -0.00135574230786   -0.00592134841038    0.00607457028953
    74.80000000        0.00790198434440    0.00307571496596    0.00847946809246
    75.00000000       -0.00958294515371    0.00694387807774    0.01183428411766
    75.20000000       -0.00128733275033   -0.01643412045274    0.01648446361473
    75.40000000        0.02062699765851    0.00989388118778    0.02287710465426
    75.60000000       -0.02567662415098    0.01837801612367    0.03157594819530
    75.80000000       -0.00609801519441   -0.04283799157858    0.04326984298328
    76.00000000        0.05584791163589    0.01829780205763    0.05876902920953
    76.20000000       -0.05405078137420    0.05759088090334    0.07898225452837
    76.40000000       -0.04083042502524   -0.09659241268638    0.10486762034259
    76.60000000        0.13735132868788   -0.00021034075549    0.13735148974641
    76.80000000       -0.06562541398784    0.16461437006137    0.17721339055437
    77.00000000       -0.16549175718360   -0.15235171418001    0.22494125123975
    77.20000000        0.24929021074861   -0.12873976289327    0.28057001929091
    77.40000000        0.04790039369726    0.34016965514228    0.34352560602664
    77.60000000       -0.40544478930041   -0.07598486768645    0.41250354821284
    77.80000000        0.23286946624866   -0.42591022437505    0.48541498487186
    78.00000000        0.38695203079867    0.40401508367054    0.55942833497467
    78.20000000       -0.56436767694812    0.28249656956883    0.63112216456244
    78.40000000       -0.11764493268027   -0.68674212221204    0.69674606034455
    78.60000000        0.74706257256647    0.09082989601969    0.75256398886777
    78.80000000       -0.31651439895954    0.72955025709228    0.79525149630298
    79.00000000       -0.63066044034597   -0.52779010263052    0.82237156045920
    79.20000000        0.69369736123366   -0.46041017715363    0.83258246450978
    79.40000000        0.24090692126883    0.78977233928378    0.82569757939151
    79.60000000       -0.80264998351621    0.00244698281538    0.80265371348015
    79.80000000        0.22201505133236   -0.73244401239455    0.76535280381713
    80.00000000        0.59243207892316    0.40282424681816    0.71640989800661
    80.20000000       -0.51874505348136    0.40619196442668    0.65885380963927
    80.40000000       -0.20289351149759   -0.56021757894442    0.59582674727321
    80.60000000        0.53018936370960   -0.01181126510138    0.53032090980282
    80.80000000       -0.14277518014127    0.44251504483919    0.46497775965459
    81.00000000       -0.31843835982320   -0.24529578251051    0.40196145328170
    81.20000000        0.29059901813546   -0.18203059425391    0.34290366954252
    81.40000000        0.05560027731352    0.28350788972896    0.28890848789177
    81.60000000       -0.23654352607524   -0.04400416137455    0.24060175798689
    81.80000000        0.10755972237311   -0.16648463553404    0.19820753705620
    82.00000000        0.09060203757479    0.13385607437965    0.16163594235514
    82.20000000       -0.12846067914503    0.02337861561619    0.13057069255591
    82.40000000        0.02567728389855   -0.10134617860092    0.10454841378719
    82.60000000        0.06404667695144    0.05283146191730    0.08302493719866
    82.80000000       -0.05958549141903    0.02702348151472    0.06542705358507
    83.00000000        0.00222200201881   -0.05114204137910    0.05119028901455
    83.20000000        0.03439108698838    0.02000103758322    0.03978427288072
    83.40000000       -0.02625491095184    0.01596509204777    0.03072791097981
    83.60000000       -0.00080420195077   -0.02358304505199    0.02359675305421
    83.80000000        0.01587893710375    0.00852938580452    0.01802473483154
    84.00000000       -0.01178141598972    0.00699666311128    0.01370237415251
    84.20000000        0.00021988284379   -0.01037080517615    0.01037313590321
    84.40000000        0.00648686427224    0.00437743884102    0.00782568711956
    84.60000000       -0.00544753070128    0.00223417105246    0.00588787831336
    84.80000000        0.00094136134237   -0.00432004919285    0.00442142354967
    85.00000000        0.00222762598350    0.00245715340367    0.00331661278590
    85.20000000       -0.00247485937687    0.00024914093949    0.00248736811570
    85.40000000        0.00097950713806   -0.00158921221884    0.00186682342765
    85.60000000        0.00047986181840    0.00131891704236    0.00140349903077
    85.80000000       -0.00099835197779   -0.00035045440158    0.00105807606492
    86.00000000        0.00069110317107   -0.00040441820632    0.00080073571087
    86.20000000       -0.00011599904921    0.00059785548542    0.00060900489395
    86.40000000       -0.00027856126576   -0.00037362438700    0.00046603815439
    86.60000000        0.00035688386248    0.00004130398332    0.00035926607179
    86.80000000       -0.00021678560191    0.00017617580723    0.00027934550694
    87.00000000        0.00002359900650   -0.00021807941182    0.00021935255404
    87.20000000        0.00010624131334    0.00013801147489    0.00017416768891
    87.40000000       -0.00013805925631   -0.00002329854761    0.00014001135873
    87.60000000        0.00009638429744   -0.00006105699019    0.00011409596331
    87.80000000       -0.00002691808859    0.00009044571170    0.00009436636190
    88.00000000       -0.00003186333818   -0.00007262523706    0.00007930761236
    88.20000000        0.00006051919241    0.00003057303460    0.00006780326758
    88.40000000       -0.00005773736046    0.00001229207097    0.00005903132898
    88.60000000        0.00003351797927   -0.00004026252751    0.00005238822441
    88.80000000       -0.00000174520661    0.00004740151428    0.00004743363049
    89.00000000       -0.00002522112608   -0.00003587178913    0.00004385077487
    89.20000000        0.00003938605078    0.00001281689098    0.00004141900157
    89.40000000       -0.00003791243452    0.00001274473450    0.00003999726177
    89.60000000        0.00002264357207   -0.00003237670174    0.00003950926691
    89.80000000        0.00000099767940    0.00003992410057    0.00003993656433
    90.00000000       -0.00002537232531   -0.00003261046177    0.00004131824184
    90.20000000        0.00004216373787    0.00001169634172    0.00004375597332
    90.40000000       -0.00004416450244    0.00001728129003    0.00004742516485
    90.60000000        0.00002739404248   -0.00004489612073    0.00005259368042
    90.80000000        0.00000656169760    0.00005928856538    0.00005965056463
    91.00000000       -0.00004853836559   -0.00004924957978    0.00006914834808
    91.20000000        0.00008133889533    0.00000925920065    0.00008186420884
    91.40000000       -0.00008277424615    0.00005410360634    0.00009888769410
    91.60000000        0.00003425815655   -0.00011682627207    0.00012174563292
    91.80000000        0.00006458248730    0.00013823719461    0.00015257922414
    92.00000000       -0.00017945513470   -0.00007473221139    0.00019439405543
    92.20000000        0.00023507728953   -0.00008914096622    0.00025141090651
    92.40000000       -0.00013812746939    0.00029921032416    0.00032955426850
    92.60000000       -0.00015519723372   -0.00040864834589    0.00043712658573
    92.80000000        0.00054126145043    0.00022386128242    0.00058572846225
    93.00000000       -0.00071467903667    0.00034014838311    0.00079149671382
    93.20000000        0.00028628687561   -0.00103798547176    0.00107674231585
    93.40000000        0.00084285270158    0.00120689811435    0.00147207463635
    93.60000000       -0.00201532861677   -0.00012318548675    0.00201908991819
    93.80000000        0.00180877443403   -0.00210276279215    0.00277367559625
    94.00000000        0.00087703946183    0.00370760889555    0.00380992938779
    94.20000000       -0.00486171557690   -0.00191316781606    0.00522460423794
    94.40000000        0.00585681275017   -0.00408736897457    0.00714204737627
    94.60000000        0.00041620404048    0.00971123229501    0.00972014704060
    94.80000000       -0.01151894539004   -0.00635458498847    0.01315548757266
    95.00000000        0.01518389496778   -0.00907199643327    0.01768761673256
    95.20000000        0.00067307116039    0.02359223981239    0.02360183899937
    95.40000000       -0.02792386379935   -0.01398332990315    0.03122940416763
    95.60000000        0.03308039015953   -0.02412669252981    0.04094398008907
    95.80000000        0.00895290723382    0.05239389133941    0.05315331031670
    96.00000000       -0.06568035865744   -0.01867987353371    0.06828504366701
    96.20000000        0.05654252318174   -0.06581243276800    0.08676596818223
    96.40000000        0.04652755254599    0.09856451127575    0.10899438530928
    96.60000000       -0.13523296182882    0.00444609833498    0.13530603000383
    96.80000000        0.05913719883461   -0.15503892087665    0.16593455117184
    97.00000000        0.14682429560849    0.13722595199726    0.20096849425341
    97.20000000       -0.21729882638522    0.10261138386945    0.24030787762368
    97.40000000       -0.02028779637595   -0.28289745000264    0.28362397976861
    97.60000000        0.31650352977310    0.09455778224881    0.33032659375631
    97.80000000       -0.22826116278789    0.30323308809407    0.37954375788879
    98.00000000       -0.23458944689531   -0.36051362764616    0.43011891880414
    98.20000000        0.46754546367416   -0.11138141257696    0.48062935789434
    98.40000000       -0.05500967655473    0.52656340294030    0.52942901491203
    98.60000000       -0.52056749030317   -0.24353534858310    0.57471730265413
    98.80000000        0.42660973588811   -0.44246686951252    0.61463224563208
    99.00000000        0.29746517271156    0.57497295351642    0.64736344216499
    99.20000000       -0.66332790131980    0.10300619881078    0.67127802113787
    99.40000000        0.11389630945140   -0.67551407393256    0.68504863578261
    99.60000000        0.60803032328239    0.32150652616089    0.68779889531383
    99.80000000       -0.48941984169269    0.47101740423885    0.67925634081575
   100.00000000       -0.28970786407500   -0.59477009241000    0.66157547515933
