{"number of modes": 18, "number of surfaces": 7, "energies": [[14.719668, 0.0, 0.0, 0.0, 0.0, 0.0, 0.0], [0.0, 14.760829, 0.0, 0.0, 0.0, 0.0, 0.0], [0.0, 0.0, 13.169361, 0.0, 0.0, 0.0, 0.0], [0.0, 0.0, 0.0, 12.358639, 0.0, 0.0, 0.0], [0.0, 0.0, 0.0, 0.0, 8.349376, 0.0, 0.0], [0.0, 0.0, 0.0, 0.0, 0.0, 12.443022, 0.0], [0.0, 0.0, 0.0, 0.0, 0.0, 0.0, 9.329921]], "frequencies": [0.040131, 0.071036, 0.115701, 0.147061, 0.163348, 0.176062, 0.184082, 0.209838, 0.222445, 0.369605, 0.393933, 0.400278, 0.406137, 0.019321, 0.075401, 0.123152, 0.127282, 0.128301], "electronic transition dipole moments": [["(0.1+0j)", "(0.1+0j)", "(0.1+0j)", "(0.1+0j)", "(0.1+0j)", "(0.1+0j)", "(0.1+0j)"]], "magnetic transition dipole moments": [["(0.1+0j)", "(0.1+0j)", "(0.1+0j)", "(0.1+0j)", "(0.1+0j)", "(0.1+0j)", "(0.1+0j)"]], "linear couplings": [[[0.026051, 0.053836, 0.000584, -0.017554, 0.164366, 0.0, 0.0], [0.053836, 0.025033, 0.010355, 0.054948, -0.022465, 0.0, 0.0], [0.000584, 0.010355, 0.025459, 0.09398, 0.227395, 0.0, 0.0], [-0.017554, 0.054948, 0.09398, -0.118556, 0.065199, 0.0, 0.0], [0.164366, -0.022465, 0.227395, 0.065199, 0.027623, 0.0, 0.0], [0.0, 0.0, 0.0, 0.0, 0.0, 0.005742, -0.023881], [0.0, 0.0, 0.0, 0.0, 0.0, -0.023881, -0.0331]], [[0.015579, 0.01193, -0.005638, 0.007861, 0.069459, 0.0, 0.0], [0.01193, 0.03132, 0.035484, -0.04296, -0.002683, 0.0, 0.0], [-0.005638, 0.035484, -0.041179, -0.043983, 0.195739, 0.0, 0.0], [0.007861, -0.04296, -0.043983, 0.004818, -0.052128, 0.0, 0.0], [0.069459, -0.002683, 0.195739, -0.052128, -0.024063, 0.0, 0.0], [0.0, 0.0, 0.0, 0.0, 0.0, 0.039028, 0.059267], [0.0, 0.0, 0.0, 0.0, 0.0, 0.059267, -0.019882]], [[0.003186, 0.09524, 0.014982, 0.124271, -0.026725, 0.0, 0.0], [0.09524, 0.073653, -0.090188, 0.016633, 0.056478, 0.0, 0.0], [0.014982, -0.090188, -0.098748, -0.034539, -0.0443, 0.0, 0.0], [0.124271, 0.016633, -0.034539, 0.109055, -0.032408, 0.0, 0.0], [-0.026725, 0.056478, -0.0443, -0.032408, -0.029434, 0.0, 0.0], [0.0, 0.0, 0.0, 0.0, 0.0, 0.024421, 0.086412], [0.0, 0.0, 0.0, 0.0, 0.0, 0.086412, 0.037281]], [[0.164446, -0.061819, -0.163702, -0.041779, 0.04344, 0.0, 0.0], [-0.061819, -0.078599, -0.048128, 0.098056, -0.031803, 0.0, 0.0], [-0.163702, -0.048128, 0.03453, 0.108321, -0.196682, 0.0, 0.0], [-0.041779, 0.098056, 0.108321, -0.039414, -0.053363, 0.0, 0.0], [0.04344, -0.031803, -0.196682, -0.053363, 0.001992, 0.0, 0.0], [0.0, 0.0, 0.0, 0.0, 0.0, -7.3e-05, 0.094917], [0.0, 0.0, 0.0, 0.0, 0.0, 0.094917, 0.025668]], [[0.023768, -0.047247, 0.024918, -0.284281, 0.029829, 0.0, 0.0], [-0.047247, 0.149716, 0.028927, -0.075336, 0.041191, 0.0, 0.0], [0.024918, 0.028927, 0.022213, 0.212102, -0.101738, 0.0, 0.0], [-0.284281, -0.075336, 0.212102, -0.086124, -0.078501, 0.0, 0.0], [0.029829, 0.041191, -0.101738, -0.078501, 0.068758, 0.0, 0.0], [0.0, 0.0, 0.0, 0.0, 0.0, 0.079168, 0.024424], [0.0, 0.0, 0.0, 0.0, 0.0, 0.024424, 0.074559]], [[0.056793, -0.006732, 0.024531, 0.01898, 0.09632, 0.0, 0.0], [-0.006732, -0.245148, -0.029788, -0.05425, -0.065491, 0.0, 0.0], [0.024531, -0.029788, 0.067859, 0.036962, 0.133304, 0.0, 0.0], [0.01898, -0.05425, 0.036962, -0.079134, 0.016912, 0.0, 0.0], [0.09632, -0.065491, 0.133304, 0.016912, 0.066804, 0.0, 0.0], [0.0, 0.0, 0.0, 0.0, 0.0, -0.030446, -0.01242], [0.0, 0.0, 0.0, 0.0, 0.0, -0.01242, -0.080975]], [[0.174146, 0.113362, -0.095079, -0.046151, 0.040583, 0.0, 0.0], [0.113362, -0.055722, -0.041812, -0.262239, 0.075926, 0.0, 0.0], [-0.095079, -0.041812, -0.034309, -0.0126, -0.134624, 0.0, 0.0], [-0.046151, -0.262239, -0.0126, -0.064155, -0.071879, 0.0, 0.0], [0.040583, 0.075926, -0.134624, -0.071879, -0.028407, 0.0, 0.0], [0.0, 0.0, 0.0, 0.0, 0.0, 0.052561, 0.004289], [0.0, 0.0, 0.0, 0.0, 0.0, 0.004289, -0.038258]], [[-0.220307, 0.013285, 0.198281, -0.168555, -0.05704, 0.0, 0.0], [0.013285, 0.071288, 0.019517, 0.035267, -0.042893, 0.0, 0.0], [0.198281, 0.019517, -0.12888, 0.112893, 0.015694, 0.0, 0.0], [-0.168555, 0.035267, 0.112893, 0.219545, -0.082806, 0.0, 0.0], [-0.05704, -0.042893, 0.015694, -0.082806, -0.008865, 0.0, 0.0], [0.0, 0.0, 0.0, 0.0, 0.0, 0.056531, -0.077002], [0.0, 0.0, 0.0, 0.0, 0.0, -0.077002, -0.193344]], [[-0.094069, -0.016137, -0.123959, -0.001781, 0.166577, 0.0, 0.0], [-0.016137, 0.052387, 0.086529, 0.031578, 0.281598, 0.0, 0.0], [-0.123959, 0.086529, -0.309814, -0.04084, 0.015937, 0.0, 0.0], [-0.001781, 0.031578, -0.04084, 0.090832, -0.248853, 0.0, 0.0], [0.166577, 0.281598, 0.015937, -0.248853, -0.024434, 0.0, 0.0], [0.0, 0.0, 0.0, 0.0, 0.0, -0.434821, 0.265871], [0.0, 0.0, 0.0, 0.0, 0.0, 0.265871, -0.064516]], [[0.179443, -0.078909, -0.051496, 0.007327, -0.054637, 0.0, 0.0], [-0.078909, 0.042963, -0.132374, 0.025847, -0.114886, 0.0, 0.0], [-0.051496, -0.132374, 0.136988, 0.025596, -0.10827, 0.0, 0.0], [0.007327, 0.025847, 0.025596, 0.192248, 0.007464, 0.0, 0.0], [-0.054637, -0.114886, -0.10827, 0.007464, 0.159334, 0.0, 0.0], [0.0, 0.0, 0.0, 0.0, 0.0, 0.219048, -0.009068], [0.0, 0.0, 0.0, 0.0, 0.0, -0.009068, 0.202877]], [[0.064465, -0.003026, -0.045576, -0.012475, 0.042237, 0.0, 0.0], [-0.003026, 0.176394, 0.038289, 0.267167, -0.025092, 0.0, 0.0], [-0.045576, 0.038289, -0.03367, 0.062304, -0.003104, 0.0, 0.0], [-0.012475, 0.267167, 0.062304, 0.196095, -0.023398, 0.0, 0.0], [0.042237, -0.025092, -0.003104, -0.023398, -0.050513, 0.0, 0.0], [0.0, 0.0, 0.0, 0.0, 0.0, -0.055306, -0.000713], [0.0, 0.0, 0.0, 0.0, 0.0, -0.000713, -0.059526]], [[-0.008396, 0.00479, -0.006274, 0.109072, -0.024943, 0.0, 0.0], [0.00479, 0.099411, 0.059147, -0.108729, 0.031014, 0.0, 0.0], [-0.006274, 0.059147, 0.037159, -0.157995, 0.016683, 0.0, 0.0], [0.109072, -0.108729, -0.157995, 0.300522, 0.005802, 0.0, 0.0], [-0.024943, 0.031014, 0.016683, 0.005802, -0.013584, 0.0, 0.0], [0.0, 0.0, 0.0, 0.0, 0.0, -0.003977, -0.00335], [0.0, 0.0, 0.0, 0.0, 0.0, -0.00335, -0.006656]], [[0.056246, -0.182595, -0.076855, -0.202641, 0.035931, 0.0, 0.0], [-0.182595, -0.025898, 0.095452, -0.025192, -0.033412, 0.0, 0.0], [-0.076855, 0.095452, 0.019347, 0.080206, -0.032598, 0.0, 0.0], [-0.202641, -0.025192, 0.080206, -0.005673, -0.029803, 0.0, 0.0], [0.035931, -0.033412, -0.032598, -0.029803, -0.033137, 0.0, 0.0], [0.0, 0.0, 0.0, 0.0, 0.0, -0.040265, -0.003757], [0.0, 0.0, 0.0, 0.0, 0.0, -0.003757, -0.040116]], [[0.0, 0.0, 0.0, 0.0, 0.0, -0.073959, 0.20736], [0.0, 0.0, 0.0, 0.0, 0.0, 0.15364, 0.01712], [0.0, 0.0, 0.0, 0.0, 0.0, 0.085658, 0.172825], [0.0, 0.0, 0.0, 0.0, 0.0, -0.062876, -0.014609], [0.0, 0.0, 0.0, 0.0, 0.0, 0.067528, -0.030738], [-0.073959, 0.15364, 0.085658, -0.062876, 0.067528, 0.0, 0.0], [0.20736, 0.01712, 0.172825, -0.014609, -0.030738, 0.0, 0.0]], [[0.0, 0.0, 0.0, 0.0, 0.0, -0.025142, 0.152571], [0.0, 0.0, 0.0, 0.0, 0.0, -0.203305, -0.186152], [0.0, 0.0, 0.0, 0.0, 0.0, -0.108295, -0.173993], [0.0, 0.0, 0.0, 0.0, 0.0, 0.013453, -0.219689], [0.0, 0.0, 0.0, 0.0, 0.0, -0.220559, 0.030782], [-0.025142, -0.203305, -0.108295, 0.013453, -0.220559, 0.0, 0.0], [0.152571, -0.186152, -0.173993, -0.219689, 0.030782, 0.0, 0.0]], [[0.0, 0.0, 0.0, 0.0, 0.0, -0.068718, -0.227207], [0.0, 0.0, 0.0, 0.0, 0.0, -0.022468, 0.020117], [0.0, 0.0, 0.0, 0.0, 0.0, 0.0384, 0.133449], [0.0, 0.0, 0.0, 0.0, 0.0, -0.002091, -0.031722], [0.0, 0.0, 0.0, 0.0, 0.0, -0.044524, -0.044412], [-0.068718, -0.022468, 0.0384, -0.002091, -0.044524, 0.0, 0.0], [-0.227207, 0.020117, 0.133449, -0.031722, -0.044412, 0.0, 0.0]], [[0.0, 0.0, 0.0, 0.0, 0.0, 0.052863, 0.044919], [0.0, 0.0, 0.0, 0.0, 0.0, 0.022637, 0.138138], [0.0, 0.0, 0.0, 0.0, 0.0, 0.053593, -0.11727], [0.0, 0.0, 0.0, 0.0, 0.0, 0.093666, 0.233903], [0.0, 0.0, 0.0, 0.0, 0.0, -0.023768, -0.024875], [0.052863, 0.022637, 0.053593, 0.093666, -0.023768, 0.0, 0.0], [0.044919, 0.138138, -0.11727, 0.233903, -0.024875, 0.0, 0.0]], [[0.0, 0.0, 0.0, 0.0, 0.0, -0.047201, 0.039055], [0.0, 0.0, 0.0, 0.0, 0.0, -0.060539, -0.017424], [0.0, 0.0, 0.0, 0.0, 0.0, -0.127675, -0.018571], [0.0, 0.0, 0.0, 0.0, 0.0, 0.142812, 0.34177], [0.0, 0.0, 0.0, 0.0, 0.0, -0.105826, -0.064815], [-0.047201, -0.060539, -0.127675, 0.142812, -0.105826, 0.0, 0.0], [0.039055, -0.017424, -0.018571, 0.34177, -0.064815, 0.0, 0.0]]], "quadratic couplings": [[[[-0.016856, -0.001938, -0.004359, -0.002325, -1.5e-05, 0.0, 0.0], [-0.001938, -0.032183, -0.007143, -0.007672, 0.004031, 0.0, 0.0], [-0.004359, -0.007143, -0.027661, -0.008022, 0.002423, 0.0, 0.0], [-0.002325, -0.007672, -0.008022, -0.008058, -0.013154, 0.0, 0.0], [-1.5e-05, 0.004031, 0.002423, -0.013154, 0.018376, 0.0, 0.0], [0.0, 0.0, 0.0, 0.0, 0.0, -0.016043, 0.005678], [0.0, 0.0, 0.0, 0.0, 0.0, 0.005678, -0.009368]], [[0.000516, -0.002808, -0.013902, -0.001034, 0.004354, 0.0, 0.0], [-0.002808, 0.002983, 0.005299, 0.017471, 0.006424, 0.0, 0.0], [-0.013902, 0.005299, -0.022306, 0.010959, 0.003946, 0.0, 0.0], [-0.001034, 0.017471, 0.010959, -0.001496, -0.00725, 0.0, 0.0], [0.004354, 0.006424, 0.003946, -0.00725, 0.017799, 0.0, 0.0], [0.0, 0.0, 0.0, 0.0, 0.0, -0.014636, 0.006553], [0.0, 0.0, 0.0, 0.0, 0.0, 0.006553, -0.003969]], [[-0.006737, 0.002267, 0.005769, 0.011293, -0.007284, 0.0, 0.0], [0.002267, -0.008385, -0.004873, -0.040908, -0.003214, 0.0, 0.0], [0.005769, -0.004873, 0.016999, -0.012936, 0.001498, 0.0, 0.0], [0.011293, -0.040908, -0.012936, -0.037452, 0.012952, 0.0, 0.0], [-0.007284, -0.003214, 0.001498, 0.012952, -0.004917, 0.0, 0.0], [0.0, 0.0, 0.0, 0.0, 0.0, 0.012352, -0.007212], [0.0, 0.0, 0.0, 0.0, 0.0, -0.007212, 0.000629]], [[-0.004051, -0.003127, 0.013364, -0.001943, -0.004067, 0.0, 0.0], [-0.003127, 0.008851, -0.001783, 0.018113, -0.004351, 0.0, 0.0], [0.013364, -0.001783, 0.013453, 0.01756, -0.000129, 0.0, 0.0], [-0.001943, 0.018113, 0.01756, 0.007865, 0.000818, 0.0, 0.0], [-0.004067, -0.004351, -0.000129, 0.000818, -0.006555, 0.0, 0.0], [0.0, 0.0, 0.0, 0.0, 0.0, 0.013004, -0.010295], [0.0, 0.0, 0.0, 0.0, 0.0, -0.010295, -0.006239]], [[-0.005669, 0.003388, 0.01043, -0.002591, 0.001781, 0.0, 0.0], [0.003388, 0.027072, 0.006347, 0.012789, -7.6e-05, 0.0, 0.0], [0.01043, 0.006347, -0.000959, 0.008286, -0.000367, 0.0, 0.0], [-0.002591, 0.012789, 0.008286, 0.041539, 0.001654, 0.0, 0.0], [0.001781, -7.6e-05, -0.000367, 0.001654, -0.015213, 0.0, 0.0], [0.0, 0.0, 0.0, 0.0, 0.0, -0.00274, -0.001502], [0.0, 0.0, 0.0, 0.0, 0.0, -0.001502, -0.005635]], [[-0.001291, -0.006102, -0.007941, -0.01189, 0.00209, 0.0, 0.0], [-0.006102, 0.010434, 0.017499, -0.005589, 0.007638, 0.0, 0.0], [-0.007941, 0.017499, -0.007962, 0.001092, 0.006042, 0.0, 0.0], [-0.01189, -0.005589, 0.001092, -0.001842, 0.002325, 0.0, 0.0], [0.00209, 0.007638, 0.006042, 0.002325, 0.014791, 0.0, 0.0], [0.0, 0.0, 0.0, 0.0, 0.0, -0.006752, 0.001898], [0.0, 0.0, 0.0, 0.0, 0.0, 0.001898, -0.00589]], [[0.011204, -0.026988, -0.007006, -0.028818, 4.8e-05, 0.0, 0.0], [-0.026988, -0.018917, 0.000294, -0.01125, -0.014187, 0.0, 0.0], [-0.007006, 0.000294, 0.018559, 0.008944, -0.000458, 0.0, 0.0], [-0.028818, -0.01125, 0.008944, 0.010752, -0.009775, 0.0, 0.0], [4.8e-05, -0.014187, -0.000458, -0.009775, -0.010503, 0.0, 0.0], [0.0, 0.0, 0.0, 0.0, 0.0, 0.005413, -0.001774], [0.0, 0.0, 0.0, 0.0, 0.0, -0.001774, 0.000793]], [[-0.010622, 0.017181, 0.010248, 0.030643, -0.007413, 0.0, 0.0], [0.017181, 0.001906, -0.007115, 0.003619, 0.004543, 0.0, 0.0], [0.010248, -0.007115, -0.007835, -0.021391, 0.009757, 0.0, 0.0], [0.030643, 0.003619, -0.021391, 0.023081, 0.005306, 0.0, 0.0], [-0.007413, 0.004543, 0.009757, 0.005306, -0.008147, 0.0, 0.0], [0.0, 0.0, 0.0, 0.0, 0.0, -0.001599, 0.001939], [0.0, 0.0, 0.0, 0.0, 0.0, 0.001939, -0.001944]], [[-0.007222, -0.001601, -0.00522, 0.007571, -0.009504, 0.0, 0.0], [-0.001601, 0.010023, -0.01516, -0.009406, -0.01115, 0.0, 0.0], [-0.00522, -0.01516, -0.003397, 0.006725, -0.024099, 0.0, 0.0], [0.007571, -0.009406, 0.006725, 0.009754, -0.000918, 0.0, 0.0], [-0.009504, -0.01115, -0.024099, -0.000918, -0.000338, 0.0, 0.0], [0.0, 0.0, 0.0, 0.0, 0.0, 0.003402, -0.003623], [0.0, 0.0, 0.0, 0.0, 0.0, -0.003623, 0.000523]], [[-0.002885, 0.001896, 0.00438, 0.003169, -0.002289, 0.0, 0.0], [0.001896, 0.019078, 0.015302, 0.007614, 0.00263, 0.0, 0.0], [0.00438, 0.015302, 0.017171, 0.004134, -0.000129, 0.0, 0.0], [0.003169, 0.007614, 0.004134, -0.001629, 0.008857, 0.0, 0.0], [-0.002289, 0.00263, -0.000129, 0.008857, -0.010625, 0.0, 0.0], [0.0, 0.0, 0.0, 0.0, 0.0, 0.002676, -0.000822], [0.0, 0.0, 0.0, 0.0, 0.0, -0.000822, 0.001139]], [[-0.002041, 0.01399, -0.000835, 0.016699, -0.004692, 0.0, 0.0], [0.01399, 0.002018, -0.008286, 0.002306, 0.002041, 0.0, 0.0], [-0.000835, -0.008286, -0.003978, -0.012962, 0.003741, 0.0, 0.0], [0.016699, 0.002306, -0.012962, 0.004066, -0.000461, 0.0, 0.0], [-0.004692, 0.002041, 0.003741, -0.000461, 0.000116, 0.0, 0.0], [0.0, 0.0, 0.0, 0.0, 0.0, -0.001503, 0.000484], [0.0, 0.0, 0.0, 0.0, 0.0, 0.000484, -0.000138]], [[0.006783, 0.001655, -0.005078, 0.0057, 0.001393, 0.0, 0.0], [0.001655, 0.003261, 0.001647, -0.007176, -0.001783, 0.0, 0.0], [-0.005078, 0.001647, 0.007422, -0.010786, -0.001876, 0.0, 0.0], [0.0057, -0.007176, -0.010786, -0.007871, 0.008365, 0.0, 0.0], [0.001393, -0.001783, -0.001876, 0.008365, -0.002902, 0.0, 0.0], [0.0, 0.0, 0.0, 0.0, 0.0, 8.9e-05, 0.000576], [0.0, 0.0, 0.0, 0.0, 0.0, 0.000576, 0.001225]], [[-0.026883, -0.006528, 0.015301, -0.008557, -0.006607, 0.0, 0.0], [-0.006528, 0.017031, 0.008813, 0.024174, 0.000383, 0.0, 0.0], [0.015301, 0.008813, -0.006391, 0.009564, 0.003172, 0.0, 0.0], [-0.008557, 0.024174, 0.009564, 0.029262, -5.9e-05, 0.0, 0.0], [-0.006607, 0.000383, 0.003172, -5.9e-05, -0.002376, 0.0, 0.0], [0.0, 0.0, 0.0, 0.0, 0.0, 5.3e-05, -0.000134], [0.0, 0.0, 0.0, 0.0, 0.0, -0.000134, -0.001536]], [[0.0, 0.0, 0.0, 0.0, 0.0, 0.0, 0.0], [0.0, 0.0, 0.0, 0.0, 0.0, 0.0, 0.0], [0.0, 0.0, 0.0, 0.0, 0.0, 0.0, 0.0], [0.0, 0.0, 0.0, 0.0, 0.0, 0.0, 0.0], [0.0, 0.0, 0.0, 0.0, 0.0, 0.0, 0.0], [0.0, 0.0, 0.0, 0.0, 0.0, 0.0, 0.0], [0.0, 0.0, 0.0, 0.0, 0.0, 0.0, 0.0]], [[0.0, 0.0, 0.0, 0.0, 0.0, 0.0, 0.0], [0.0, 0.0, 0.0, 0.0, 0.0, 0.0, 0.0], [0.0, 0.0, 0.0, 0.0, 0.0, 0.0, 0.0], [0.0, 0.0, 0.0, 0.0, 0.0, 0.0, 0.0], [0.0, 0.0, 0.0, 0.0, 0.0, 0.0, 0.0], [0.0, 0.0, 0.0, 0.0, 0.0, 0.0, 0.0], [0.0, 0.0, 0.0, 0.0, 0.0, 0.0, 0.0]], [[0.0, 0.0, 0.0, 0.0, 0.0, 0.0, 0.0], [0.0, 0.0, 0.0, 0.0, 0.0, 0.0, 0.0], [0.0, 0.0, 0.0, 0.0, 0.0, 0.0, 0.0], [0.0, 0.0, 0.0, 0.0, 0.0, 0.0, 0.0], [0.0, 0.0, 0.0, 0.0, 0.0, 0.0, 0.0], [0.0, 0.0, 0.0, 0.0, 0.0, 0.0, 0.0], [0.0, 0.0, 0.0, 0.0, 0.0, 0.0, 0.0]], [[0.0, 0.0, 0.0, 0.0, 0.0, 0.0, 0.0], [0.0, 0.0, 0.0, 0.0, 0.0, 0.0, 0.0], [0.0, 0.0, 0.0, 0.0, 0.0, 0.0, 0.0], [0.0, 0.0, 0.0, 0.0, 0.0, 0.0, 0.0], [0.0, 0.0, 0.0, 0.0, 0.0, 0.0, 0.0], [0.0, 0.0, 0.0, 0.0, 0.0, 0.0, 0.0], [0.0, 0.0, 0.0, 0.0, 0.0, 0.0, 0.0]], [[0.0, 0.0, 0.0, 0.0, 0.0, 0.0, 0.0], [0.0, 0.0, 0.0, 0.0, 0.0, 0.0, 0.0], [0.0, 0.0, 0.0, 0.0, 0.0, 0.0, 0.0], [0.0, 0.0, 0.0, 0.0, 0.0, 0.0, 0.0], [0.0, 0.0, 0.0, 0.0, 0.0, 0.0, 0.0], [0.0, 0.0, 0.0, 0.0, 0.0, 0.0, 0.0], [0.0, 0.0, 0.0, 0.0, 0.0, 0.0, 0.0]]], [[[0.000516, -0.002808, -0.013902, -0.001034, 0.004354, 0.0, 0.0], [-0.002808, 0.002983, 0.005299, 0.017471, 0.006424, 0.0, 0.0], [-0.013902, 0.005299, -0.022306, 0.010959, 0.003946, 0.0, 0.0], [-0.001034, 0.017471, 0.010959, -0.001496, -0.00725, 0.0, 0.0], [0.004354, 0.006424, 0.003946, -0.00725, 0.017799, 0.0, 0.0], [0.0, 0.0, 0.0, 0.0, 0.0, -0.014636, 0.006553], [0.0, 0.0, 0.0, 0.0, 0.0, 0.006553, -0.003969]], [[-0.00716, -0.00096, -0.000251, 0.000261, -0.002351, 0.0, 0.0], [-0.00096, -0.005273, 0.001378, 0.000626, 0.002073, 0.0, 0.0], [-0.000251, 0.001378, -0.008473, -0.003293, 0.007327, 0.0, 0.0], [0.000261, 0.000626, -0.003293, -0.007874, -0.002583, 0.0, 0.0], [-0.002351, 0.002073, 0.007327, -0.002583, 0.00103, 0.0, 0.0], [0.0, 0.0, 0.0, 0.0, 0.0, -0.002659, 0.002296], [0.0, 0.0, 0.0, 0.0, 0.0, 0.002296, -0.002488]], [[0.003394, 0.003536, 0.005049, 0.000603, -0.000544, 0.0, 0.0], [0.003536, 0.013643, 0.004382, 0.00342, -0.005092, 0.0, 0.0], [0.005049, 0.004382, -0.003043, 0.002177, 0.000944, 0.0, 0.0], [0.000603, 0.00342, 0.002177, 0.027857, -0.004758, 0.0, 0.0], [-0.000544, -0.005092, 0.000944, -0.004758, -0.001087, 0.0, 0.0], [0.0, 0.0, 0.0, 0.0, 0.0, 0.006536, 0.000633], [0.0, 0.0, 0.0, 0.0, 0.0, 0.000633, -0.000298]], [[0.001844, 0.000349, 0.003022, -0.004228, 0.002485, 0.0, 0.0], [0.000349, -0.005076, -0.005814, -0.003871, 0.003663, 0.0, 0.0], [0.003022, -0.005814, 0.004706, 0.009961, 0.000571, 0.0, 0.0], [-0.004228, -0.003871, 0.009961, -0.015793, -0.005937, 0.0, 0.0], [0.002485, 0.003663, 0.000571, -0.005937, 0.006988, 0.0, 0.0], [0.0, 0.0, 0.0, 0.0, 0.0, 0.009679, -0.000806], [0.0, 0.0, 0.0, 0.0, 0.0, -0.000806, 0.001428]], [[0.004627, -0.00033, -0.0055, -0.000595, 0.001321, 0.0, 0.0], [-0.00033, -0.000779, 0.001763, -0.016577, 0.001834, 0.0, 0.0], [-0.0055, 0.001763, 0.005957, -0.008355, -0.000375, 0.0, 0.0], [-0.000595, -0.016577, -0.008355, 0.012259, 0.001086, 0.0, 0.0], [0.001321, 0.001834, -0.000375, 0.001086, -0.009201, 0.0, 0.0], [0.0, 0.0, 0.0, 0.0, 0.0, -0.000842, 0.003378], [0.0, 0.0, 0.0, 0.0, 0.0, 0.003378, 0.001784]], [[0.000241, 0.00745, -0.005169, 0.003494, 0.00021, 0.0, 0.0], [0.00745, 0.000796, 0.003592, -0.002142, 0.000693, 0.0, 0.0], [-0.005169, 0.003592, -0.009113, -0.006631, 0.002565, 0.0, 0.0], [0.003494, -0.002142, -0.006631, 0.008592, -0.000923, 0.0, 0.0], [0.00021, 0.000693, 0.002565, -0.000923, 0.001424, 0.0, 0.0], [0.0, 0.0, 0.0, 0.0, 0.0, -0.005121, 0.001435], [0.0, 0.0, 0.0, 0.0, 0.0, 0.001435, -0.00151]], [[0.005394, 0.005546, 0.00503, 0.0099, -0.002132, 0.0, 0.0], [0.005546, 0.00152, -0.00157, -0.001555, -0.000416, 0.0, 0.0], [0.00503, -0.00157, 0.001612, -0.005853, 0.003398, 0.0, 0.0], [0.0099, -0.001555, -0.005853, 0.011428, 0.003264, 0.0, 0.0], [-0.002132, -0.000416, 0.003398, 0.003264, -0.009771, 0.0, 0.0], [0.0, 0.0, 0.0, 0.0, 0.0, 0.002385, 0.000421], [0.0, 0.0, 0.0, 0.0, 0.0, 0.000421, -0.001081]], [[-0.005188, -0.010819, -3.5e-05, -0.006943, -0.000153, 0.0, 0.0], [-0.010819, -0.005213, 0.009226, -0.00645, -0.001219, 0.0, 0.0], [-3.5e-05, 0.009226, 0.003636, -0.001215, 0.003147, 0.0, 0.0], [-0.006943, -0.00645, -0.001215, 0.004973, -0.000484, 0.0, 0.0], [-0.000153, -0.001219, 0.003147, -0.000484, -0.00534, 0.0, 0.0], [0.0, 0.0, 0.0, 0.0, 0.0, -5.5e-05, -0.000306], [0.0, 0.0, 0.0, 0.0, 0.0, -0.000306, -0.003788]], [[-0.002168, -0.00267, 0.000426, -0.0001, -0.005656, 0.0, 0.0], [-0.00267, 0.00203, -5.8e-05, -0.00495, -0.001228, 0.0, 0.0], [0.000426, -5.8e-05, -0.006744, -0.00232, -0.005145, 0.0, 0.0], [-0.0001, -0.00495, -0.00232, 0.003381, -0.00082, 0.0, 0.0], [-0.005656, -0.001228, -0.005145, -0.00082, -0.001699, 0.0, 0.0], [0.0, 0.0, 0.0, 0.0, 0.0, -0.002183, 0.000639], [0.0, 0.0, 0.0, 0.0, 0.0, 0.000639, -0.000446]], [[0.005783, 0.004514, 0.00373, -0.000243, -8.7e-05, 0.0, 0.0], [0.004514, -0.003434, -0.001895, -0.001377, -0.00089, 0.0, 0.0], [0.00373, -0.001895, -0.000422, 0.001391, -0.001957, 0.0, 0.0], [-0.000243, -0.001377, 0.001391, -0.000328, -0.000833, 0.0, 0.0], [-8.7e-05, -0.00089, -0.001957, -0.000833, -0.000441, 0.0, 0.0], [0.0, 0.0, 0.0, 0.0, 0.0, 0.0009, -0.000366], [0.0, 0.0, 0.0, 0.0, 0.0, -0.000366, -0.000968]], [[0.005214, -0.000764, -0.000556, -0.002946, 0.000464, 0.0, 0.0], [-0.000764, 0.002098, 0.003692, 0.000756, 0.000941, 0.0, 0.0], [-0.000556, 0.003692, -0.00173, 0.006052, 0.000356, 0.0, 0.0], [-0.002946, 0.000756, 0.006052, -0.002979, -0.000189, 0.0, 0.0], [0.000464, 0.000941, 0.000356, -0.000189, 0.000726, 0.0, 0.0], [0.0, 0.0, 0.0, 0.0, 0.0, -0.000683, -0.000397], [0.0, 0.0, 0.0, 0.0, 0.0, -0.000397, -0.001292]], [[-0.00109, 0.000808, 0.000847, 0.001006, 0.000451, 0.0, 0.0], [0.000808, 0.005102, 0.004309, -6.2e-05, -0.003664, 0.0, 0.0], [0.000847, 0.004309, 0.008598, -0.007076, -0.001126, 0.0, 0.0], [0.001006, -6.2e-05, -0.007076, 0.004894, 0.005506, 0.0, 0.0], [0.000451, -0.003664, -0.001126, 0.005506, -0.000638, 0.0, 0.0], [0.0, 0.0, 0.0, 0.0, 0.0, 0.002068, -0.000608], [0.0, 0.0, 0.0, 0.0, 0.0, -0.000608, 0.00119]], [[0.010089, -0.003368, -0.007047, -0.001087, 0.003292, 0.0, 0.0], [-0.003368, -0.010102, -0.002315, -0.009054, 0.002582, 0.0, 0.0], [-0.007047, -0.002315, 0.005406, -0.005864, -0.000888, 0.0, 0.0], [-0.001087, -0.009054, -0.005864, -0.008833, 0.003109, 0.0, 0.0], [0.003292, 0.002582, -0.000888, 0.003109, -0.001341, 0.0, 0.0], [0.0, 0.0, 0.0, 0.0, 0.0, -0.000253, -0.000374], [0.0, 0.0, 0.0, 0.0, 0.0, -0.000374, 4.2e-05]], [[0.0, 0.0, 0.0, 0.0, 0.0, 0.0, 0.0], [0.0, 0.0, 0.0, 0.0, 0.0, 0.0, 0.0], [0.0, 0.0, 0.0, 0.0, 0.0, 0.0, 0.0], [0.0, 0.0, 0.0, 0.0, 0.0, 0.0, 0.0], [0.0, 0.0, 0.0, 0.0, 0.0, 0.0, 0.0], [0.0, 0.0, 0.0, 0.0, 0.0, 0.0, 0.0], [0.0, 0.0, 0.0, 0.0, 0.0, 0.0, 0.0]], [[0.0, 0.0, 0.0, 0.0, 0.0, 0.0, 0.0], [0.0, 0.0, 0.0, 0.0, 0.0, 0.0, 0.0], [0.0, 0.0, 0.0, 0.0, 0.0, 0.0, 0.0], [0.0, 0.0, 0.0, 0.0, 0.0, 0.0, 0.0], [0.0, 0.0, 0.0, 0.0, 0.0, 0.0, 0.0], [0.0, 0.0, 0.0, 0.0, 0.0, 0.0, 0.0], [0.0, 0.0, 0.0, 0.0, 0.0, 0.0, 0.0]], [[0.0, 0.0, 0.0, 0.0, 0.0, 0.0, 0.0], [0.0, 0.0, 0.0, 0.0, 0.0, 0.0, 0.0], [0.0, 0.0, 0.0, 0.0, 0.0, 0.0, 0.0], [0.0, 0.0, 0.0, 0.0, 0.0, 0.0, 0.0], [0.0, 0.0, 0.0, 0.0, 0.0, 0.0, 0.0], [0.0, 0.0, 0.0, 0.0, 0.0, 0.0, 0.0], [0.0, 0.0, 0.0, 0.0, 0.0, 0.0, 0.0]], [[0.0, 0.0, 0.0, 0.0, 0.0, 0.0, 0.0], [0.0, 0.0, 0.0, 0.0, 0.0, 0.0, 0.0], [0.0, 0.0, 0.0, 0.0, 0.0, 0.0, 0.0], [0.0, 0.0, 0.0, 0.0, 0.0, 0.0, 0.0], [0.0, 0.0, 0.0, 0.0, 0.0, 0.0, 0.0], [0.0, 0.0, 0.0, 0.0, 0.0, 0.0, 0.0], [0.0, 0.0, 0.0, 0.0, 0.0, 0.0, 0.0]], [[0.0, 0.0, 0.0, 0.0, 0.0, 0.0, 0.0], [0.0, 0.0, 0.0, 0.0, 0.0, 0.0, 0.0], [0.0, 0.0, 0.0, 0.0, 0.0, 0.0, 0.0], [0.0, 0.0, 0.0, 0.0, 0.0, 0.0, 0.0], [0.0, 0.0, 0.0, 0.0, 0.0, 0.0, 0.0], [0.0, 0.0, 0.0, 0.0, 0.0, 0.0, 0.0], [0.0, 0.0, 0.0, 0.0, 0.0, 0.0, 0.0]]], [[[-0.006737, 0.002267, 0.005769, 0.011293, -0.007284, 0.0, 0.0], [0.002267, -0.008385, -0.004873, -0.040908, -0.003214, 0.0, 0.0], [0.005769, -0.004873, 0.016999, -0.012936, 0.001498, 0.0, 0.0], [0.011293, -0.040908, -0.012936, -0.037452, 0.012952, 0.0, 0.0], [-0.007284, -0.003214, 0.001498, 0.012952, -0.004917, 0.0, 0.0], [0.0, 0.0, 0.0, 0.0, 0.0, 0.012352, -0.007212], [0.0, 0.0, 0.0, 0.0, 0.0, -0.007212, 0.000629]], [[0.003394, 0.003536, 0.005049, 0.000603, -0.000544, 0.0, 0.0], [0.003536, 0.013643, 0.004382, 0.00342, -0.005092, 0.0, 0.0], [0.005049, 0.004382, -0.003043, 0.002177, 0.000944, 0.0, 0.0], [0.000603, 0.00342, 0.002177, 0.027857, -0.004758, 0.0, 0.0], [-0.000544, -0.005092, 0.000944, -0.004758, -0.001087, 0.0, 0.0], [0.0, 0.0, 0.0, 0.0, 0.0, 0.006536, 0.000633], [0.0, 0.0, 0.0, 0.0, 0.0, 0.000633, -0.000298]], [[-0.006072, 0.005457, 0.002625, 0.006079, 0.000863, 0.0, 0.0], [0.005457, -0.023071, -0.009217, -0.016332, 0.000816, 0.0, 0.0], [0.002625, -0.009217, -0.003178, -0.005123, -0.002391, 0.0, 0.0], [0.006079, -0.016332, -0.005123, -0.036441, 0.008129, 0.0, 0.0], [0.000863, 0.000816, -0.002391, 0.008129, 0.000264, 0.0, 0.0], [0.0, 0.0, 0.0, 0.0, 0.0, 0.001053, 0.003492], [0.0, 0.0, 0.0, 0.0, 0.0, 0.003492, 0.004574]], [[0.007343, -0.004781, -0.010706, 0.004284, 0.002899, 0.0, 0.0], [-0.004781, 0.006634, 0.00625, 0.021262, -0.004956, 0.0, 0.0], [-0.010706, 0.00625, 0.000183, -0.002597, -0.004151, 0.0, 0.0], [0.004284, 0.021262, -0.002597, 0.039759, -0.001303, 0.0, 0.0], [0.002899, -0.004956, -0.004151, -0.001303, -0.010495, 0.0, 0.0], [0.0, 0.0, 0.0, 0.0, 0.0, -0.006907, 0.00609], [0.0, 0.0, 0.0, 0.0, 0.0, 0.00609, -0.001999]], [[0.018648, 0.003249, -0.010367, -0.003341, 0.00306, 0.0, 0.0], [0.003249, 0.003706, -0.00252, 0.04136, -0.008718, 0.0, 0.0], [-0.010367, -0.00252, 0.002019, 0.01555, -0.003885, 0.0, 0.0], [-0.003341, 0.04136, 0.01555, -0.000218, 0.002349, 0.0, 0.0], [0.00306, -0.008718, -0.003885, 0.002349, -0.000177, 0.0, 0.0], [0.0, 0.0, 0.0, 0.0, 0.0, 0.000544, 0.00151], [0.0, 0.0, 0.0, 0.0, 0.0, 0.00151, 0.001995]], [[0.015559, -0.019594, -0.011972, -0.030182, 0.004836, 0.0, 0.0], [-0.019594, -0.00778, 0.006407, 0.009506, -0.00781, 0.0, 0.0], [-0.011972, 0.006407, 0.000554, 0.017408, -0.007587, 0.0, 0.0], [-0.030182, 0.009506, 0.017408, -0.005365, -0.002142, 0.0, 0.0], [0.004836, -0.00781, -0.007587, -0.002142, -0.002922, 0.0, 0.0], [0.0, 0.0, 0.0, 0.0, 0.0, 8.4e-05, 0.001689], [0.0, 0.0, 0.0, 0.0, 0.0, 0.001689, 0.003136]], [[0.021147, -0.028314, -0.017046, -0.043159, 0.008179, 0.0, 0.0], [-0.028314, 0.007001, 0.013713, 0.006486, 0.000174, 0.0, 0.0], [-0.017046, 0.013713, 0.00948, 0.026602, -0.004755, 0.0, 0.0], [-0.043159, 0.006486, 0.026602, -0.021037, -0.002049, 0.0, 0.0], [0.008179, 0.000174, -0.004755, -0.002049, 0.002247, 0.0, 0.0], [0.0, 0.0, 0.0, 0.0, 0.0, -0.000794, 0.002212], [0.0, 0.0, 0.0, 0.0, 0.0, 0.002212, -0.001906]], [[-0.006572, 0.034114, 0.006999, 0.019138, 0.004102, 0.0, 0.0], [0.034114, 0.003863, -0.017955, 0.012804, 0.005722, 0.0, 0.0], [0.006999, -0.017955, -0.013059, -0.005665, -0.001563, 0.0, 0.0], [0.019138, 0.012804, -0.005665, -0.000609, 0.004063, 0.0, 0.0], [0.004102, 0.005722, -0.001563, 0.004063, -0.003163, 0.0, 0.0], [0.0, 0.0, 0.0, 0.0, 0.0, -0.003175, 0.001813], [0.0, 0.0, 0.0, 0.0, 0.0, 0.001813, -0.001424]], [[0.002267, 0.006893, 0.005167, -0.000578, 0.004553, 0.0, 0.0], [0.006893, -0.005034, -0.001625, 0.003341, 0.005014, 0.0, 0.0], [0.005167, -0.001625, -0.006807, 0.004609, 0.005196, 0.0, 0.0], [-0.000578, 0.003341, 0.004609, -0.001153, 0.006125, 0.0, 0.0], [0.004553, 0.005014, 0.005196, 0.006125, 0.001679, 0.0, 0.0], [0.0, 0.0, 0.0, 0.0, 0.0, -0.002934, 0.003128], [0.0, 0.0, 0.0, 0.0, 0.0, 0.003128, -0.002624]], [[0.000927, -0.0058, 0.001258, -0.000819, -0.000565, 0.0, 0.0], [-0.0058, -0.020947, -0.007702, 0.004812, -0.005341, 0.0, 0.0], [0.001258, -0.007702, 0.001893, 0.001334, -0.005109, 0.0, 0.0], [-0.000819, 0.004812, 0.001334, 0.000635, 0.001509, 0.0, 0.0], [-0.000565, -0.005341, -0.005109, 0.001509, -0.000421, 0.0, 0.0], [0.0, 0.0, 0.0, 0.0, 0.0, 0.001674, -0.000158], [0.0, 0.0, 0.0, 0.0, 0.0, -0.000158, 0.00116]], [[-0.001647, 0.017124, 0.003501, 0.020443, -0.001981, 0.0, 0.0], [0.017124, -0.004256, -0.012686, 0.00376, 0.002195, 0.0, 0.0], [0.003501, -0.012686, -0.004547, -0.014464, 0.001817, 0.0, 0.0], [0.020443, 0.00376, -0.014464, 0.007787, 0.002112, 0.0, 0.0], [-0.001981, 0.002195, 0.001817, 0.002112, -0.002004, 0.0, 0.0], [0.0, 0.0, 0.0, 0.0, 0.0, -0.001112, -0.000129], [0.0, 0.0, 0.0, 0.0, 0.0, -0.000129, 0.000119]], [[-0.001713, 0.011336, 0.007786, -0.007201, 0.00403, 0.0, 0.0], [0.011336, -0.008408, -0.009063, -0.007487, 0.00544, 0.0, 0.0], [0.007786, -0.009063, -0.010167, 0.003682, 0.001161, 0.0, 0.0], [-0.007201, -0.007487, 0.003682, 0.012624, -0.00781, 0.0, 0.0], [0.00403, 0.00544, 0.001161, -0.00781, 0.003516, 0.0, 0.0], [0.0, 0.0, 0.0, 0.0, 0.0, 0.000364, -0.000481], [0.0, 0.0, 0.0, 0.0, 0.0, -0.000481, 0.000173]], [[-0.035771, -0.002945, 0.020709, -0.012914, -0.014121, 0.0, 0.0], [-0.002945, 0.019235, 0.002925, 0.026636, -0.009283, 0.0, 0.0], [0.020709, 0.002925, -0.016643, 0.010058, 0.006858, 0.0, 0.0], [-0.012914, 0.026636, 0.010058, 0.030855, -0.005689, 0.0, 0.0], [-0.014121, -0.009283, 0.006858, -0.005689, -0.003572, 0.0, 0.0], [0.0, 0.0, 0.0, 0.0, 0.0, -0.002929, -0.000575], [0.0, 0.0, 0.0, 0.0, 0.0, -0.000575, -0.004215]], [[0.0, 0.0, 0.0, 0.0, 0.0, 0.0, 0.0], [0.0, 0.0, 0.0, 0.0, 0.0, 0.0, 0.0], [0.0, 0.0, 0.0, 0.0, 0.0, 0.0, 0.0], [0.0, 0.0, 0.0, 0.0, 0.0, 0.0, 0.0], [0.0, 0.0, 0.0, 0.0, 0.0, 0.0, 0.0], [0.0, 0.0, 0.0, 0.0, 0.0, 0.0, 0.0], [0.0, 0.0, 0.0, 0.0, 0.0, 0.0, 0.0]], [[0.0, 0.0, 0.0, 0.0, 0.0, 0.0, 0.0], [0.0, 0.0, 0.0, 0.0, 0.0, 0.0, 0.0], [0.0, 0.0, 0.0, 0.0, 0.0, 0.0, 0.0], [0.0, 0.0, 0.0, 0.0, 0.0, 0.0, 0.0], [0.0, 0.0, 0.0, 0.0, 0.0, 0.0, 0.0], [0.0, 0.0, 0.0, 0.0, 0.0, 0.0, 0.0], [0.0, 0.0, 0.0, 0.0, 0.0, 0.0, 0.0]], [[0.0, 0.0, 0.0, 0.0, 0.0, 0.0, 0.0], [0.0, 0.0, 0.0, 0.0, 0.0, 0.0, 0.0], [0.0, 0.0, 0.0, 0.0, 0.0, 0.0, 0.0], [0.0, 0.0, 0.0, 0.0, 0.0, 0.0, 0.0], [0.0, 0.0, 0.0, 0.0, 0.0, 0.0, 0.0], [0.0, 0.0, 0.0, 0.0, 0.0, 0.0, 0.0], [0.0, 0.0, 0.0, 0.0, 0.0, 0.0, 0.0]], [[0.0, 0.0, 0.0, 0.0, 0.0, 0.0, 0.0], [0.0, 0.0, 0.0, 0.0, 0.0, 0.0, 0.0], [0.0, 0.0, 0.0, 0.0, 0.0, 0.0, 0.0], [0.0, 0.0, 0.0, 0.0, 0.0, 0.0, 0.0], [0.0, 0.0, 0.0, 0.0, 0.0, 0.0, 0.0], [0.0, 0.0, 0.0, 0.0, 0.0, 0.0, 0.0], [0.0, 0.0, 0.0, 0.0, 0.0, 0.0, 0.0]], [[0.0, 0.0, 0.0, 0.0, 0.0, 0.0, 0.0], [0.0, 0.0, 0.0, 0.0, 0.0, 0.0, 0.0], [0.0, 0.0, 0.0, 0.0, 0.0, 0.0, 0.0], [0.0, 0.0, 0.0, 0.0, 0.0, 0.0, 0.0], [0.0, 0.0, 0.0, 0.0, 0.0, 0.0, 0.0], [0.0, 0.0, 0.0, 0.0, 0.0, 0.0, 0.0], [0.0, 0.0, 0.0, 0.0, 0.0, 0.0, 0.0]]], [[[-0.004051, -0.003127, 0.013364, -0.001943, -0.004067, 0.0, 0.0], [-0.003127, 0.008851, -0.001783, 0.018113, -0.004351, 0.0, 0.0], [0.013364, -0.001783, 0.013453, 0.01756, -0.000129, 0.0, 0.0], [-0.001943, 0.018113, 0.01756, 0.007865, 0.000818, 0.0, 0.0], [-0.004067, -0.004351, -0.000129, 0.000818, -0.006555, 0.0, 0.0], [0.0, 0.0, 0.0, 0.0, 0.0, 0.013004, -0.010295], [0.0, 0.0, 0.0, 0.0, 0.0, -0.010295, -0.006239]], [[0.001844, 0.000349, 0.003022, -0.004228, 0.002485, 0.0, 0.0], [0.000349, -0.005076, -0.005814, -0.003871, 0.003663, 0.0, 0.0], [0.003022, -0.005814, 0.004706, 0.009961, 0.000571, 0.0, 0.0], [-0.004228, -0.003871, 0.009961, -0.015793, -0.005937, 0.0, 0.0], [0.002485, 0.003663, 0.000571, -0.005937, 0.006988, 0.0, 0.0], [0.0, 0.0, 0.0, 0.0, 0.0, 0.009679, -0.000806], [0.0, 0.0, 0.0, 0.0, 0.0, -0.000806, 0.001428]], [[0.007343, -0.004781, -0.010706, 0.004284, 0.002899, 0.0, 0.0], [-0.004781, 0.006634, 0.00625, 0.021262, -0.004956, 0.0, 0.0], [-0.010706, 0.00625, 0.000183, -0.002597, -0.004151, 0.0, 0.0], [0.004284, 0.021262, -0.002597, 0.039759, -0.001303, 0.0, 0.0], [0.002899, -0.004956, -0.004151, -0.001303, -0.010495, 0.0, 0.0], [0.0, 0.0, 0.0, 0.0, 0.0, -0.006907, 0.00609], [0.0, 0.0, 0.0, 0.0, 0.0, 0.00609, -0.001999]], [[-0.004143, -0.002791, 0.002507, 0.000757, -0.00316, 0.0, 0.0], [-0.002791, -0.01453, -0.005294, 0.01012, -0.002541, 0.0, 0.0], [0.002507, -0.005294, -0.007514, 0.010352, -0.000554, 0.0, 0.0], [0.000757, 0.01012, 0.010352, -0.027499, 0.004403, 0.0, 0.0], [-0.00316, -0.002541, -0.000554, 0.004403, 5e-06, 0.0, 0.0], [0.0, 0.0, 0.0, 0.0, 0.0, -0.000164, 0.002346], [0.0, 0.0, 0.0, 0.0, 0.0, 0.002346, 0.000394]], [[-0.011084, -0.00693, -0.002868, 0.002765, -0.00335, 0.0, 0.0], [-0.00693, -0.009937, 0.008848, -0.028707, -0.002796, 0.0, 0.0], [-0.002868, 0.008848, -0.001335, -0.021344, -8.2e-05, 0.0, 0.0], [0.002765, -0.028707, -0.021344, 0.033592, -0.002863, 0.0, 0.0], [-0.00335, -0.002796, -8.2e-05, -0.002863, -0.008211, 0.0, 0.0], [0.0, 0.0, 0.0, 0.0, 0.0, -0.006897, 0.004296], [0.0, 0.0, 0.0, 0.0, 0.0, 0.004296, -0.001214]], [[0.006077, 0.012143, -0.004228, 0.015748, -0.000784, 0.0, 0.0], [0.012143, 0.001048, -0.00502, -0.001213, 0.003181, 0.0, 0.0], [-0.004228, -0.00502, 0.001657, -0.012452, -0.000441, 0.0, 0.0], [0.015748, -0.001213, -0.012452, 0.016773, 0.000598, 0.0, 0.0], [-0.000784, 0.003181, -0.000441, 0.000598, -0.006812, 0.0, 0.0], [0.0, 0.0, 0.0, 0.0, 0.0, -0.002855, 0.003283], [0.0, 0.0, 0.0, 0.0, 0.0, 0.003283, 0.00416]], [[-0.002096, 0.01046, -0.003685, 0.021638, 0.001135, 0.0, 0.0], [0.01046, 0.005433, -0.002282, -0.006385, 0.009623, 0.0, 0.0], [-0.003685, -0.002282, -0.00643, -0.019135, 0.000801, 0.0, 0.0], [0.021638, -0.006385, -0.019135, 0.023434, 0.000552, 0.0, 0.0], [0.001135, 0.009623, 0.000801, 0.000552, -0.003455, 0.0, 0.0], [0.0, 0.0, 0.0, 0.0, 0.0, -0.005682, 0.004249], [0.0, 0.0, 0.0, 0.0, 0.0, 0.004249, -0.001684]], [[-0.008071, -0.017972, -0.003102, -0.002965, 0.000116, 0.0, 0.0], [-0.017972, 0.000716, 0.014917, -0.011334, 0.000404, 0.0, 0.0], [-0.003102, 0.014917, -0.00368, -0.006524, 0.000789, 0.0, 0.0], [-0.002965, -0.011334, -0.006524, 0.01547, -0.004565, 0.0, 0.0], [0.000116, 0.000404, 0.000789, -0.004565, -0.006923, 0.0, 0.0], [0.0, 0.0, 0.0, 0.0, 0.0, -0.007041, 0.005526], [0.0, 0.0, 0.0, 0.0, 0.0, 0.005526, 0.002203]], [[0.001573, 0.000536, -0.000229, -0.000653, -0.002672, 0.0, 0.0], [0.000536, 0.003764, 0.003305, -0.007357, 0.002647, 0.0, 0.0], [-0.000229, 0.003305, -0.002494, -0.000413, 0.011116, 0.0, 0.0], [-0.000653, -0.007357, -0.000413, 0.008778, -0.000881, 0.0, 0.0], [-0.002672, 0.002647, 0.011116, -0.000881, -0.002167, 0.0, 0.0], [0.0, 0.0, 0.0, 0.0, 0.0, -0.001721, 0.001721], [0.0, 0.0, 0.0, 0.0, 0.0, 0.001721, -0.003004]], [[0.007708, 0.003944, 0.003225, -0.000525, -0.004041, 0.0, 0.0], [0.003944, -0.006907, -0.003642, 0.001248, -0.004694, 0.0, 0.0], [0.003225, -0.003642, 0.003873, -0.000993, 0.001503, 0.0, 0.0], [-0.000525, 0.001248, -0.000993, 0.000879, 0.000218, 0.0, 0.0], [-0.004041, -0.004694, 0.001503, 0.000218, 0.001998, 0.0, 0.0], [0.0, 0.0, 0.0, 0.0, 0.0, 0.002893, 6.5e-05], [0.0, 0.0, 0.0, 0.0, 0.0, 6.5e-05, 0.00206]], [[0.013859, -0.001494, -0.007043, -0.006948, 0.007285, 0.0, 0.0], [-0.001494, 0.006344, 0.004465, -0.000213, -0.000519, 0.0, 0.0], [-0.007043, 0.004465, 0.006927, 0.006053, -0.002852, 0.0, 0.0], [-0.006948, -0.000213, 0.006053, -0.001206, -0.001068, 0.0, 0.0], [0.007285, -0.000519, -0.002852, -0.001068, 0.002898, 0.0, 0.0], [0.0, 0.0, 0.0, 0.0, 0.0, 0.001324, 3.1e-05], [0.0, 0.0, 0.0, 0.0, 0.0, 3.1e-05, 0.002052]], [[0.002355, 0.000402, -0.004237, 0.00807, -0.003137, 0.0, 0.0], [0.000402, -0.000861, -0.000776, 0.009459, -0.006889, 0.0, 0.0], [-0.004237, -0.000776, 0.000875, -0.003025, -0.004026, 0.0, 0.0], [0.00807, 0.009459, -0.003025, -0.005482, 0.015333, 0.0, 0.0], [-0.003137, -0.006889, -0.004026, 0.015333, -0.00531, 0.0, 0.0], [0.0, 0.0, 0.0, 0.0, 0.0, -0.001861, 0.000588], [0.0, 0.0, 0.0, 0.0, 0.0, 0.000588, -0.000942]], [[0.020533, -0.00425, -0.0125, -0.004225, 0.004944, 0.0, 0.0], [-0.00425, -0.01826, 0.000799, -0.011179, -0.003759, 0.0, 0.0], [-0.0125, 0.000799, 0.00943, 0.000867, -0.004815, 0.0, 0.0], [-0.004225, -0.011179, 0.000867, -0.00833, 7.3e-05, 0.0, 0.0], [0.004944, -0.003759, -0.004815, 7.3e-05, 0.003897, 0.0, 0.0], [0.0, 0.0, 0.0, 0.0, 0.0, 0.001499, 0.000118], [0.0, 0.0, 0.0, 0.0, 0.0, 0.000118, 0.001755]], [[0.0, 0.0, 0.0, 0.0, 0.0, 0.0, 0.0], [0.0, 0.0, 0.0, 0.0, 0.0, 0.0, 0.0], [0.0, 0.0, 0.0, 0.0, 0.0, 0.0, 0.0], [0.0, 0.0, 0.0, 0.0, 0.0, 0.0, 0.0], [0.0, 0.0, 0.0, 0.0, 0.0, 0.0, 0.0], [0.0, 0.0, 0.0, 0.0, 0.0, 0.0, 0.0], [0.0, 0.0, 0.0, 0.0, 0.0, 0.0, 0.0]], [[0.0, 0.0, 0.0, 0.0, 0.0, 0.0, 0.0], [0.0, 0.0, 0.0, 0.0, 0.0, 0.0, 0.0], [0.0, 0.0, 0.0, 0.0, 0.0, 0.0, 0.0], [0.0, 0.0, 0.0, 0.0, 0.0, 0.0, 0.0], [0.0, 0.0, 0.0, 0.0, 0.0, 0.0, 0.0], [0.0, 0.0, 0.0, 0.0, 0.0, 0.0, 0.0], [0.0, 0.0, 0.0, 0.0, 0.0, 0.0, 0.0]], [[0.0, 0.0, 0.0, 0.0, 0.0, 0.0, 0.0], [0.0, 0.0, 0.0, 0.0, 0.0, 0.0, 0.0], [0.0, 0.0, 0.0, 0.0, 0.0, 0.0, 0.0], [0.0, 0.0, 0.0, 0.0, 0.0, 0.0, 0.0], [0.0, 0.0, 0.0, 0.0, 0.0, 0.0, 0.0], [0.0, 0.0, 0.0, 0.0, 0.0, 0.0, 0.0], [0.0, 0.0, 0.0, 0.0, 0.0, 0.0, 0.0]], [[0.0, 0.0, 0.0, 0.0, 0.0, 0.0, 0.0], [0.0, 0.0, 0.0, 0.0, 0.0, 0.0, 0.0], [0.0, 0.0, 0.0, 0.0, 0.0, 0.0, 0.0], [0.0, 0.0, 0.0, 0.0, 0.0, 0.0, 0.0], [0.0, 0.0, 0.0, 0.0, 0.0, 0.0, 0.0], [0.0, 0.0, 0.0, 0.0, 0.0, 0.0, 0.0], [0.0, 0.0, 0.0, 0.0, 0.0, 0.0, 0.0]], [[0.0, 0.0, 0.0, 0.0, 0.0, 0.0, 0.0], [0.0, 0.0, 0.0, 0.0, 0.0, 0.0, 0.0], [0.0, 0.0, 0.0, 0.0, 0.0, 0.0, 0.0], [0.0, 0.0, 0.0, 0.0, 0.0, 0.0, 0.0], [0.0, 0.0, 0.0, 0.0, 0.0, 0.0, 0.0], [0.0, 0.0, 0.0, 0.0, 0.0, 0.0, 0.0], [0.0, 0.0, 0.0, 0.0, 0.0, 0.0, 0.0]]], [[[-0.005669, 0.003388, 0.01043, -0.002591, 0.001781, 0.0, 0.0], [0.003388, 0.027072, 0.006347, 0.012789, -7.6e-05, 0.0, 0.0], [0.01043, 0.006347, -0.000959, 0.008286, -0.000367, 0.0, 0.0], [-0.002591, 0.012789, 0.008286, 0.041539, 0.001654, 0.0, 0.0], [0.001781, -7.6e-05, -0.000367, 0.001654, -0.015213, 0.0, 0.0], [0.0, 0.0, 0.0, 0.0, 0.0, -0.00274, -0.001502], [0.0, 0.0, 0.0, 0.0, 0.0, -0.001502, -0.005635]], [[0.004627, -0.00033, -0.0055, -0.000595, 0.001321, 0.0, 0.0], [-0.00033, -0.000779, 0.001763, -0.016577, 0.001834, 0.0, 0.0], [-0.0055, 0.001763, 0.005957, -0.008355, -0.000375, 0.0, 0.0], [-0.000595, -0.016577, -0.008355, 0.012259, 0.001086, 0.0, 0.0], [0.001321, 0.001834, -0.000375, 0.001086, -0.009201, 0.0, 0.0], [0.0, 0.0, 0.0, 0.0, 0.0, -0.000842, 0.003378], [0.0, 0.0, 0.0, 0.0, 0.0, 0.003378, 0.001784]], [[0.018648, 0.003249, -0.010367, -0.003341, 0.00306, 0.0, 0.0], [0.003249, 0.003706, -0.00252, 0.04136, -0.008718, 0.0, 0.0], [-0.010367, -0.00252, 0.002019, 0.01555, -0.003885, 0.0, 0.0], [-0.003341, 0.04136, 0.01555, -0.000218, 0.002349, 0.0, 0.0], [0.00306, -0.008718, -0.003885, 0.002349, -0.000177, 0.0, 0.0], [0.0, 0.0, 0.0, 0.0, 0.0, 0.000544, 0.00151], [0.0, 0.0, 0.0, 0.0, 0.0, 0.00151, 0.001995]], [[-0.011084, -0.00693, -0.002868, 0.002765, -0.00335, 0.0, 0.0], [-0.00693, -0.009937, 0.008848, -0.028707, -0.002796, 0.0, 0.0], [-0.002868, 0.008848, -0.001335, -0.021344, -8.2e-05, 0.0, 0.0], [0.002765, -0.028707, -0.021344, 0.033592, -0.002863, 0.0, 0.0], [-0.00335, -0.002796, -8.2e-05, -0.002863, -0.008211, 0.0, 0.0], [0.0, 0.0, 0.0, 0.0, 0.0, -0.006897, 0.004296], [0.0, 0.0, 0.0, 0.0, 0.0, 0.004296, -0.001214]], [[-0.008448, -0.001706, 0.010087, -0.015714, -0.002038, 0.0, 0.0], [-0.001706, -0.01054, -0.004254, 0.006082, -0.001227, 0.0, 0.0], [0.010087, -0.004254, -0.009605, 0.019106, -0.000345, 0.0, 0.0], [-0.015714, 0.006082, 0.019106, -0.03728, -6.1e-05, 0.0, 0.0], [-0.002038, -0.001227, -0.000345, -6.1e-05, 0.006631, 0.0, 0.0], [0.0, 0.0, 0.0, 0.0, 0.0, 0.0041, 0.000255], [0.0, 0.0, 0.0, 0.0, 0.0, 0.000255, 0.005043]], [[-0.002523, 0.011349, 0.006519, 0.009913, -0.000451, 0.0, 0.0], [0.011349, -0.00265, -0.007768, 0.013761, -0.001351, 0.0, 0.0], [0.006519, -0.007768, -0.009132, 0.001073, -0.000895, 0.0, 0.0], [0.009913, 0.013761, 0.001073, -0.005053, -0.000125, 0.0, 0.0], [-0.000451, -0.001351, -0.000895, -0.000125, -0.007643, 0.0, 0.0], [0.0, 0.0, 0.0, 0.0, 0.0, -0.001329, 0.000366], [0.0, 0.0, 0.0, 0.0, 0.0, 0.000366, -0.000975]], [[-0.012049, 0.022583, 0.012202, 0.007011, -0.001947, 0.0, 0.0], [0.022583, 0.011905, -0.013686, 0.025065, 0.000465, 0.0, 0.0], [0.012202, -0.013686, -0.016514, 0.005221, 0.004302, 0.0, 0.0], [0.007011, 0.025065, 0.005221, -0.00582, -0.002082, 0.0, 0.0], [-0.001947, 0.000465, 0.004302, -0.002082, 0.003598, 0.0, 0.0], [0.0, 0.0, 0.0, 0.0, 0.0, -0.00122, 0.000344], [0.0, 0.0, 0.0, 0.0, 0.0, 0.000344, -0.00191]], [[0.004124, -0.004458, -0.003168, -0.006645, -0.005487, 0.0, 0.0], [-0.004458, -0.01622, -0.004556, 0.005263, -0.005363, 0.0, 0.0], [-0.003168, -0.004556, -0.004966, 0.007433, 0.000792, 0.0, 0.0], [-0.006645, 0.005263, 0.007433, -0.020528, 0.001171, 0.0, 0.0], [-0.005487, -0.005363, 0.000792, 0.001171, 2.8e-05, 0.0, 0.0], [0.0, 0.0, 0.0, 0.0, 0.0, -0.000833, -0.000455], [0.0, 0.0, 0.0, 0.0, 0.0, -0.000455, -0.005439]], [[0.002158, 0.000471, 0.001043, -0.002106, -0.001285, 0.0, 0.0], [0.000471, -0.007797, -0.000534, 0.009563, 0.004605, 0.0, 0.0], [0.001043, -0.000534, -0.000612, 0.001723, 0.002846, 0.0, 0.0], [-0.002106, 0.009563, 0.001723, -0.011598, 0.000563, 0.0, 0.0], [-0.001285, 0.004605, 0.002846, 0.000563, 0.002881, 0.0, 0.0], [0.0, 0.0, 0.0, 0.0, 0.0, -0.002715, 0.002658], [0.0, 0.0, 0.0, 0.0, 0.0, 0.002658, -0.001049]], [[-0.004953, -0.01171, -0.002156, 0.002379, -0.003652, 0.0, 0.0], [-0.01171, -0.020388, -0.004047, -0.001153, -0.005136, 0.0, 0.0], [-0.002156, -0.004047, 0.003687, -0.00129, 0.002798, 0.0, 0.0], [0.002379, -0.001153, -0.00129, -0.001394, -0.001392, 0.0, 0.0], [-0.003652, -0.005136, 0.002798, -0.001392, 7.1e-05, 0.0, 0.0], [0.0, 0.0, 0.0, 0.0, 0.0, 0.000301, -0.000379], [0.0, 0.0, 0.0, 0.0, 0.0, -0.000379, -4.7e-05]], [[-0.002189, -0.008219, 0.001645, -0.015215, 0.000675, 0.0, 0.0], [-0.008219, -6.1e-05, 0.006631, 0.002359, 0.002032, 0.0, 0.0], [0.001645, 0.006631, -0.000468, 0.011693, -0.000849, 0.0, 0.0], [-0.015215, 0.002359, 0.011693, -0.001114, -0.000268, 0.0, 0.0], [0.000675, 0.002032, -0.000849, -0.000268, -0.000404, 0.0, 0.0], [0.0, 0.0, 0.0, 0.0, 0.0, -0.000794, -0.000205], [0.0, 0.0, 0.0, 0.0, 0.0, -0.000205, -0.002278]], [[-0.013613, 0.002156, 0.011215, -0.016833, 0.001684, 0.0, 0.0], [0.002156, 0.01154, 0.003442, -0.008691, 0.009884, 0.0, 0.0], [0.011215, 0.003442, -0.009816, 0.010158, 0.003562, 0.0, 0.0], [-0.016833, -0.008691, 0.010158, -0.006452, -0.011999, 0.0, 0.0], [0.001684, 0.009884, 0.003562, -0.011999, 0.002336, 0.0, 0.0], [0.0, 0.0, 0.0, 0.0, 0.0, -0.001978