{"number of modes": 6, "number of surfaces": 6, "energies": [[16.673351, 0.0, 0.0, 0.0, 0.0, 0.0], [0.0, 16.673351, 0.0, 0.0, 0.0, 0.0], [0.0, 0.0, 15.452345, 0.0, 0.0, 0.0], [0.0, 0.0, 0.0, 18.666317, 0.0, 0.0], [0.0, 0.0, 0.0, 0.0, 16.37499, 0.0], [0.0, 0.0, 0.0, 0.0, 0.0, 16.37499]], "frequencies": [0.112017, 0.061184, 0.061184, 0.185138, 0.185138, 0.087923], "electronic transition dipole moments": [["(0.1+0j)", "(0.1+0j)", "(0.1+0j)", "(0.1+0j)", "(0.1+0j)", "(0.1+0j)"]], "magnetic transition dipole moments": [["(0.1+0j)", "(0.1+0j)", "(0.1+0j)", "(0.1+0j)", "(0.1+0j)", "(0.1+0j)"]], "linear couplings": [[[0.078646, 0.0, 0.0, 0.0, 0.0, 0.0], [0.0, 0.078646, -5e-06, 0.0, 0.0, 0.0], [0.0, -5e-06, -0.01131, 0.0, 0.0, 0.0], [0.0, 0.0, 0.0, 0.221848, 0.0, 0.0], [0.0, 0.0, 0.0, 0.0, 0.062382, 0.0], [0.0, 0.0, 0.0, 0.0, 0.0, 0.062382]], [[0.076575, 0.0, 0.0, 0.0, 0.0, 0.0], [0.0, -0.076575, 0.162123, 0.0, 0.0, 0.0], [0.0, 0.162123, 0.0, 0.0, 0.0, 0.0], [0.0, 0.0, 0.0, 0.0, 0.006704, 0.0], [0.0, 0.0, 0.0, 0.006704, 0.075762, 0.0], [0.0, 0.0, 0.0, 0.0, 0.0, -0.075762]], [[0.0, -0.076575, -0.162124, 0.0, 0.0, 0.0], [-0.076575, 0.0, 0.0, 0.0, 0.0, 0.0], [-0.162124, 0.0, 0.0, 0.0, 0.0, 0.0], [0.0, 0.0, 0.0, 0.0, 0.0, -0.006704], [0.0, 0.0, 0.0, 0.0, 0.0, 0.075762], [0.0, 0.0, 0.0, -0.006704, 0.075762, 0.0]], [[-0.045191, 0.0, 0.0, 0.0, 0.0, 0.0], [0.0, 0.045191, 0.372986, 0.0, 0.0, 0.0], [0.0, 0.372986, 1e-06, 0.0, 0.0, 0.0], [0.0, 0.0, 0.0, 2e-06, 0.518175, 0.0], [0.0, 0.0, 0.0, 0.518175, 0.306046, 0.0], [0.0, 0.0, 0.0, 0.0, 0.0, -0.306046]], [[0.0, 0.045191, -0.372954, 0.0, 0.0, 0.0], [0.045191, 0.0, 0.0, 0.0, 0.0, 0.0], [-0.372954, 0.0, 0.0, 0.0, 0.0, 0.0], [0.0, 0.0, 0.0, 0.0, 0.0, -0.518175], [0.0, 0.0, 0.0, 0.0, 0.0, 0.306046], [0.0, 0.0, 0.0, -0.518175, 0.306046, 0.0]], [[0.0, 0.0, 0.0, -0.000632, -0.07565, 0.0], [0.0, 0.0, 0.0, 0.0, 0.0, 0.075642], [0.0, 0.0, 0.0, 0.0, 0.0, -1.9e-05], [-0.000632, 0.0, 0.0, 0.0, 0.0, 0.0], [-0.07565, 0.0, 0.0, 0.0, 0.0, 0.0], [0.0, 0.075642, -1.9e-05, 0.0, 0.0, 0.0]]], "quadratic couplings": [[[[-0.000937, 0.0, 0.0, 0.0, 0.0, 0.0], [0.0, -0.000937, 0.0, 0.0, 0.0, 0.0], [0.0, 0.0, -0.003968, 0.0, 0.0, 0.0], [0.0, 0.0, 0.0, 0.005395, 0.0, 0.0], [0.0, 0.0, 0.0, 0.0, -0.000727, 0.0], [0.0, 0.0, 0.0, 0.0, 0.0, -0.000727]], [[0.008649, 0.0, 0.0, 0.0, 0.0, 0.0], [0.0, -0.008648, 0.01258, 0.0, 0.0, 0.0], [0.0, 0.01258, -1e-06, 0.0, 0.0, 0.0], [0.0, 0.0, 0.0, 0.0, -0.001788, 0.0], [0.0, 0.0, 0.0, -0.001788, 0.005287, 0.0], [0.0, 0.0, 0.0, 0.0, 0.0, -0.005287]], [[0.0, -0.00865, -0.012579, 0.0, 0.0, 0.0], [-0.00865, 0.0, 0.0, 0.0, 0.0, 0.0], [-0.012579, 0.0, 0.0, 0.0, 0.0, 0.0], [0.0, 0.0, 0.0, 0.0, 0.0, 0.001788], [0.0, 0.0, 0.0, 0.0, 0.0, 0.005287], [0.0, 0.0, 0.0, 0.001788, 0.005287, 0.0]], [[0.01065, 0.0, 0.0, 0.0, 0.0, 0.0], [0.0, -0.010646, 0.00645, 0.0, 0.0, 0.0], [0.0, 0.00645, -2e-06, 0.0, 0.0, 0.0], [0.0, 0.0, 0.0, 1e-06, 0.015652, 0.0], [0.0, 0.0, 0.0, 0.015652, 0.00693, 0.0], [0.0, 0.0, 0.0, 0.0, 0.0, -0.006928]], [[0.0, -0.010651, -0.006449, 0.0, 0.0, 0.0], [-0.010651, 0.0, 0.0, 0.0, 0.0, 0.0], [-0.006449, 0.0, 0.0, 0.0, 0.0, 0.0], [0.0, 0.0, 0.0, 0.0, 0.0, -0.015651], [0.0, 0.0, 0.0, 0.0, 0.0, 0.006929], [0.0, 0.0, 0.0, -0.015651, 0.006929, 0.0]], [[0.0, 0.0, 0.0, -0.0001, -0.007477, 0.0], [0.0, 0.0, 0.0, 0.0, 0.0, 0.007476], [0.0, 0.0, 0.0, 0.0, 0.0, -2e-06], [-0.0001, 0.0, 0.0, 0.0, 0.0, 0.0], [-0.007477, 0.0, 0.0, 0.0, 0.0, 0.0], [0.0, 0.007476, -2e-06, 0.0, 0.0, 0.0]]], [[[0.008649, 0.0, 0.0, 0.0, 0.0, 0.0], [0.0, -0.008648, 0.01258, 0.0, 0.0, 0.0], [0.0, 0.01258, -1e-06, 0.0, 0.0, 0.0], [0.0, 0.0, 0.0, 0.0, -0.001788, 0.0], [0.0, 0.0, 0.0, -0.001788, 0.005287, 0.0], [0.0, 0.0, 0.0, 0.0, 0.0, -0.005287]], [[-0.005267, 0.0, 0.0, 0.0, 0.0, 0.0], [0.0, -0.014696, 0.007567, 0.0, 0.0, 0.0], [0.0, 0.007567, -0.008229, 0.0, 0.0, 0.0], [0.0, 0.0, 0.0, -0.006534, 0.006881, 0.0], [0.0, 0.0, 0.0, 0.006881, -0.001213, 0.0], [0.0, 0.0, 0.0, 0.0, 0.0, -0.013503]], [[7e-06, 0.009436, 0.015148, 0.0, 0.0, 0.0], [0.009436, 4e-06, 0.0, 0.0, 0.0, 0.0], [0.015148, 0.0, 0.0, 0.0, 0.0, 0.0], [0.0, 0.0, 0.0, 0.0, 0.0, 0.013759], [0.0, 0.0, 0.0, 0.0, 0.0, -0.01229], [0.0, 0.0, 0.0, 0.013759, -0.01229, 0.0]], [[-0.0259, 0.0, 0.0, 0.0, 0.0, 0.0], [0.0, -0.027379, 0.003454, 0.0, 0.0, 0.0], [0.0, 0.003454, 0.005279, 0.0, 0.0, 0.0], [0.0, 0.0, 0.0, -0.012896, 0.005601, 0.0], [0.0, 0.0, 0.0, 0.005601, -0.008212, 0.0], [0.0, 0.0, 0.0, 0.0, 0.0, -0.011346]], [[5e-06, 0.000729, 0.003485, 0.0, 0.0, 0.0], [0.000729, 0.0, 2e-06, 0.0, 0.0, 0.0], [0.003485, 2e-06, 0.0, 0.0, 0.0, 0.0], [0.0, 0.0, 0.0, 0.0, 0.0, 0.005599], [0.0, 0.0, 0.0, 0.0, 0.0, -0.001567], [0.0, 0.0, 0.0, 0.005599, -0.001567, 0.0]], [[8e-06, 0.0, 0.0, 0.005061, 0.005232, 0.0], [0.0, 0.0, 0.0, 0.0, 0.0, 0.005813], [0.0, 0.0, 0.0, 0.0, 0.0, 0.005252], [0.005061, 0.0, 0.0, 0.0, 0.0, 0.0], [0.005232, 0.0, 0.0, 0.0, 0.0, 0.0], [0.0, 0.005813, 0.005252, 0.0, 0.0, 0.0]]], [[[0.0, -0.00865, -0.012579, 0.0, 0.0, 0.0], [-0.00865, 0.0, 0.0, 0.0, 0.0, 0.0], [-0.012579, 0.0, 0.0, 0.0, 0.0, 0.0], [0.0, 0.0, 0.0, 0.0, 0.0, 0.001788], [0.0, 0.0, 0.0, 0.0, 0.0, 0.005287], [0.0, 0.0, 0.0, 0.001788, 0.005287, 0.0]], [[7e-06, 0.009436, 0.015148, 0.0, 0.0, 0.0], [0.009436, 4e-06, 0.0, 0.0, 0.0, 0.0], [0.015148, 0.0, 0.0, 0.0, 0.0, 0.0], [0.0, 0.0, 0.0, 0.0, 0.0, 0.013759], [0.0, 0.0, 0.0, 0.0, 0.0, -0.01229], [0.0, 0.0, 0.0, 0.013759, -0.01229, 0.0]], [[-0.014705, 0.0, 0.0, 0.0, 0.0, 0.0], [0.0, -0.005267, -0.007578, 0.0, 0.0, 0.0], [0.0, -0.007578, -0.008228, 0.0, 0.0, 0.0], [0.0, 0.0, 0.0, -0.006533, -0.006877, 0.0], [0.0, 0.0, 0.0, -0.006877, -0.013503, 0.0], [0.0, 0.0, 0.0, 0.0, 0.0, -0.001211]], [[4e-06, 0.000736, 0.003456, 0.0, 0.0, 0.0], [0.000736, 6e-06, -2e-06, 0.0, 0.0, 0.0], [0.003456, -2e-06, -1e-06, 0.0, 0.0, 0.0], [0.0, 0.0, 0.0, -1e-06, 0.0, 0.005605], [0.0, 0.0, 0.0, 0.0, 0.0, -0.001567], [0.0, 0.0, 0.0, 0.005605, -0.001567, 0.0]], [[-0.02737, 0.0, 0.0, 0.0, 0.0, 0.0], [0.0, -0.025897, -0.00347, 0.0, 0.0, 0.0], [0.0, -0.00347, 0.005271, 0.0, 0.0, 0.0], [0.0, 0.0, 0.0, -0.012897, -0.005604, 0.0], [0.0, 0.0, 0.0, -0.005604, -0.011346, 0.0], [0.0, 0.0, 0.0, 0.0, 0.0, -0.008213]], [[2e-06, 0.0, 0.0, 0.000127, -0.00013, 0.005326], [0.0, 5e-06, 0.0, 0.004945, -0.005882, 0.000263], [0.0, 0.0, 1.2e-05, -0.000382, 0.004884, -0.000197], [0.000127, 0.004945, -0.000382, 0.0, 0.0, 0.0], [-0.00013, -0.005882, 0.004884, 0.0, 4e-06, 0.0], [0.005326, 0.000263, -0.000197, 0.0, 0.0, 4e-06]]], [[[0.01065, 0.0, 0.0, 0.0, 0.0, 0.0], [0.0, -0.010646, 0.00645, 0.0, 0.0, 0.0], [0.0, 0.00645, -2e-06, 0.0, 0.0, 0.0], [0.0, 0.0, 0.0, 1e-06, 0.015652, 0.0], [0.0, 0.0, 0.0, 0.015652, 0.00693, 0.0], [0.0, 0.0, 0.0, 0.0, 0.0, -0.006928]], [[-0.0259, 0.0, 0.0, 0.0, 0.0, 0.0], [0.0, -0.027379, 0.003454, 0.0, 0.0, 0.0], [0.0, 0.003454, 0.005279, 0.0, 0.0, 0.0], [0.0, 0.0, 0.0, -0.012896, 0.005601, 0.0], [0.0, 0.0, 0.0, 0.005601, -0.008212, 0.0], [0.0, 0.0, 0.0, 0.0, 0.0, -0.011346]], [[4e-06, 0.000736, 0.003456, 0.0, 0.0, 0.0], [0.000736, 6e-06, -2e-06, 0.0, 0.0, 0.0], [0.003456, -2e-06, -1e-06, 0.0, 0.0, 0.0], [0.0, 0.0, 0.0, -1e-06, 0.0, 0.005605], [0.0, 0.0, 0.0, 0.0, 0.0, -0.001567], [0.0, 0.0, 0.0, 0.005605, -0.001567, 0.0]], [[-0.06571, 0.0, 0.0, 0.0, 0.0, 0.0], [0.0, -0.047586, -0.02344, 0.0, 0.0, 0.0], [0.0, -0.02344, -0.007698, 0.0, 0.0, 0.0], [0.0, 0.0, 0.0, 0.008799, 0.010613, 0.0], [0.0, 0.0, 0.0, 0.010613, 0.012705, 0.0], [0.0, 0.0, 0.0, 0.0, 0.0, -0.000813]], [[3e-06, -0.018128, -0.046894, 0.0, 0.0, 0.0], [-0.018128, 1e-06, 0.0, 0.0, 0.0, 0.0], [-0.046894, 0.0, 0.0, 0.0, 0.0, 0.0], [0.0, 0.0, 0.0, 0.0, 0.0, 0.021227], [0.0, 0.0, 0.0, 0.0, 0.0, -0.013517], [0.0, 0.0, 0.0, 0.021227, -0.013517, 0.0]], [[3e-06, 0.0, 0.0, 0.018559, 0.020014, 0.0], [0.0, -2e-06, 0.0, 0.0, 0.0, 0.021152], [0.0, 0.0, -2e-06, 0.0, 0.0, 0.020294], [0.018559, 0.0, 0.0, -1e-06, 0.0, 0.0], [0.020014, 0.0, 0.0, 0.0, -2e-06, 0.0], [0.0, 0.021152, 0.020294, 0.0, 0.0, -2e-06]]], [[[0.0, -0.010651, -0.006449, 0.0, 0.0, 0.0], [-0.010651, 0.0, 0.0, 0.0, 0.0, 0.0], [-0.006449, 0.0, 0.0, 0.0, 0.0, 0.0], [0.0, 0.0, 0.0, 0.0, 0.0, -0.015651], [0.0, 0.0, 0.0, 0.0, 0.0, 0.006929], [0.0, 0.0, 0.0, -0.015651, 0.006929, 0.0]], [[5e-06, 0.000729, 0.003485, 0.0, 0.0, 0.0], [0.000729, 0.0, 2e-06, 0.0, 0.0, 0.0], [0.003485, 2e-06, 0.0, 0.0, 0.0, 0.0], [0.0, 0.0, 0.0, 0.0, 0.0, 0.005599], [0.0, 0.0, 0.0, 0.0, 0.0, -0.001567], [0.0, 0.0, 0.0, 0.005599, -0.001567, 0.0]], [[-0.02737, 0.0, 0.0, 0.0, 0.0, 0.0], [0.0, -0.025897, -0.00347, 0.0, 0.0, 0.0], [0.0, -0.00347, 0.005271, 0.0, 0.0, 0.0], [0.0, 0.0, 0.0, -0.012897, -0.005604, 0.0], [0.0, 0.0, 0.0, -0.005604, -0.011346, 0.0], [0.0, 0.0, 0.0, 0.0, 0.0, -0.008213]], [[3e-06, -0.018128, -0.046894, 0.0, 0.0, 0.0], [-0.018128, 1e-06, 0.0, 0.0, 0.0, 0.0], [-0.046894, 0.0, 0.0, 0.0, 0.0, 0.0], [0.0, 0.0, 0.0, 0.0, 0.0, 0.021227], [0.0, 0.0, 0.0, 0.0, 0.0, -0.013517], [0.0, 0.0, 0.0, 0.021227, -0.013517, 0.0]], [[-0.047566, 0.0, 0.0, 0.0, 0.0, 0.0], [0.0, -0.065712, 0.023464, 0.0, 0.0, 0.0], [0.0, 0.023464, -0.007718, 0.0, 0.0, 0.0], [0.0, 0.0, 0.0, 0.008799, -0.010614, 0.0], [0.0, 0.0, 0.0, -0.010614, -0.000812, 0.0], [0.0, 0.0, 0.0, 0.0, 0.0, 0.012705]], [[1e-06, 0.0, 0.0, 0.000103, -0.00047, 0.02101], [0.0, 0.0, 0.0, 0.018769, -0.020807, 0.000615], [0.0, 0.0, 4e-06, -7.8e-05, 0.019964, -0.000188], [0.000103, 0.018769, -7.8e-05, -1e-06, 0.0, 0.0], [-0.00047, -0.020807, 0.019964, 0.0, 0.0, 0.0], [0.02101, 0.000615, -0.000188, 0.0, 0.0, 0.0]]], [[[0.0, 0.0, 0.0, -0.0001, -0.007477, 0.0], [0.0, 0.0, 0.0, 0.0, 0.0, 0.007476], [0.0, 0.0, 0.0, 0.0, 0.0, -2e-06], [-0.0001, 0.0, 0.0, 0.0, 0.0, 0.0], [-0.007477, 0.0, 0.0, 0.0, 0.0, 0.0], [0.0, 0.007476, -2e-06, 0.0, 0.0, 0.0]], [[8e-06, 0.0, 0.0, 0.005061, 0.005232, 0.0], [0.0, 0.0, 0.0, 0.0, 0.0, 0.005813], [0.0, 0.0, 0.0, 0.0, 0.0, 0.005252], [0.005061, 0.0, 0.0, 0.0, 0.0, 0.0], [0.005232, 0.0, 0.0, 0.0, 0.0, 0.0], [0.0, 0.005813, 0.005252, 0.0, 0.0, 0.0]], [[2e-06, 0.0, 0.0, 0.000127, -0.00013, 0.005326], [0.0, 5e-06, 0.0, 0.004945, -0.005882, 0.000263], [0.0, 0.0, 1.2e-05, -0.000382, 0.004884, -0.000197], [0.000127, 0.004945, -0.000382, 0.0, 0.0, 0.0], [-0.00013, -0.005882, 0.004884, 0.0, 4e-06, 0.0], [0.005326, 0.000263, -0.000197, 0.0, 0.0, 4e-06]], [[3e-06, 0.0, 0.0, 0.018559, 0.020014, 0.0], [0.0, -2e-06, 0.0, 0.0, 0.0, 0.021152], [0.0, 0.0, -2e-06, 0.0, 0.0, 0.020294], [0.018559, 0.0, 0.0, -1e-06, 0.0, 0.0], [0.020014, 0.0, 0.0, 0.0, -2e-06, 0.0], [0.0, 0.021152, 0.020294, 0.0, 0.0, -2e-06]], [[1e-06, 0.0, 0.0, 0.000103, -0.00047, 0.02101], [0.0, 0.0, 0.0, 0.018769, -0.020807, 0.000615], [0.0, 0.0, 4e-06, -7.8e-05, 0.019964, -0.000188], [0.000103, 0.018769, -7.8e-05, -1e-06, 0.0, 0.0], [-0.00047, -0.020807, 0.019964, 0.0, 0.0, 0.0], [0.02101, 0.000615, -0.000188, 0.0, 0.0, 0.0]], [[-0.022621, 0.0, 0.0, 0.0, 0.0, 0.0], [0.0, -0.022617, 0.0, 0.0, 0.0, 0.0], [0.0, 0.0, -0.016202, 0.0, 0.0, 0.0], [0.0, 0.0, 0.0, -0.02385, -2.2e-05, 0.0], [0.0, 0.0, 0.0, -2.2e-05, -0.016147, 0.0], [0.0, 0.0, 0.0, 0.0, 0.0, -0.016151]]]]}