{"number of modes": 11, "number of surfaces": 6, "energies": [[17.779568, 0.0, 0.0, 0.0, 0.0, 0.0], [0.0, 15.643955, 0.0, 0.0, 0.0, 0.0], [0.0, 0.0, 13.626836, 0.0, 0.0, 0.0], [0.0, 0.0, 0.0, 8.990899, 0.0, 0.0], [0.0, 0.0, 0.0, 0.0, 13.141761, 0.0], [0.0, 0.0, 0.0, 0.0, 0.0, 9.300057]], "frequencies": [0.071658, 0.132431, 0.159239, 0.180679, 0.205362, 0.225021, 0.378698, 0.453977, 0.471497, 0.077647, 0.131046], "electronic transition dipole moments": [["(0.1+0j)", "(0.1+0j)", "(0.1+0j)", "(0.1+0j)", "(0.1+0j)", "(0.1+0j)"]], "magnetic transition dipole moments": [["(0.1+0j)", "(0.1+0j)", "(0.1+0j)", "(0.1+0j)", "(0.1+0j)", "(0.1+0j)"]], "linear couplings": [[[-0.087696, 0.069099, 0.023537, 0.010975, 0.0, 0.0], [0.069099, 0.019752, -0.0623, 0.016819, 0.0, 0.0], [0.023537, -0.0623, 0.033889, -0.302769, 0.0, 0.0], [0.010975, 0.016819, -0.302769, 0.008499, 0.0, 0.0], [0.0, 0.0, 0.0, 0.0, -0.02016, -0.020627], [0.0, 0.0, 0.0, 0.0, -0.020627, 0.087781]], [[0.017849, 0.01157, 0.101296, -0.034757, 0.0, 0.0], [0.01157, -0.178819, -0.04132, -0.052309, 0.0, 0.0], [0.101296, -0.04132, 0.07787, -0.020531, 0.0, 0.0], [-0.034757, -0.052309, -0.020531, 0.062319, 0.0, 0.0], [0.0, 0.0, 0.0, 0.0, -0.135093, -0.107118], [0.0, 0.0, 0.0, 0.0, -0.107118, -0.008273]], [[0.510109, 0.031223, 0.146509, -0.078188, 0.0, 0.0], [0.031223, -0.159656, -0.11582, 0.016151, 0.0, 0.0], [0.146509, -0.11582, -0.107413, -0.126698, 0.0, 0.0], [-0.078188, 0.016151, -0.126698, -0.101797, 0.0, 0.0], [0.0, 0.0, 0.0, 0.0, 0.124026, 0.260725], [0.0, 0.0, 0.0, 0.0, 0.260725, 0.092898]], [[-0.096082, 0.078533, -0.028459, -0.036818, 0.0, 0.0], [0.078533, -0.267652, -0.008882, 0.008497, 0.0, 0.0], [-0.028459, -0.008882, 0.073375, 0.215637, 0.0, 0.0], [-0.036818, 0.008497, 0.215637, 0.100304, 0.0, 0.0], [0.0, 0.0, 0.0, 0.0, -0.096243, 0.015655], [0.0, 0.0, 0.0, 0.0, 0.015655, -0.034015]], [[0.128238, 0.362996, 0.034867, 0.082037, 0.0, 0.0], [0.362996, -0.017343, 0.108226, -0.035574, 0.0, 0.0], [0.034867, 0.108226, 0.00248, 0.038235, 0.0, 0.0], [0.082037, -0.035574, 0.038235, -0.003832, 0.0, 0.0], [0.0, 0.0, 0.0, 0.0, -0.103831, -0.004842], [0.0, 0.0, 0.0, 0.0, -0.004842, -0.02815]], [[0.116437, -0.026123, 0.01892, -0.255689, 0.0, 0.0], [-0.026123, 0.193675, 0.054139, 0.393209, 0.0, 0.0], [0.01892, 0.054139, -0.421984, 0.021157, 0.0, 0.0], [-0.255689, 0.393209, 0.021157, -0.242456, 0.0, 0.0], [0.0, 0.0, 0.0, 0.0, -0.258017, 0.454945], [0.0, 0.0, 0.0, 0.0, 0.454945, -0.068675]], [[-0.006719, -0.099315, -0.08035, -0.053038, 0.0, 0.0], [-0.099315, 0.319867, 0.195238, 0.134737, 0.0, 0.0], [-0.08035, 0.195238, 0.029521, 0.109419, 0.0, 0.0], [-0.053038, 0.134737, 0.109419, 0.008263, 0.0, 0.0], [0.0, 0.0, 0.0, 0.0, -0.047913, 0.011384], [0.0, 0.0, 0.0, 0.0, 0.011384, -0.044052]], [[0.504427, 0.228207, 0.144454, -0.006838, 0.0, 0.0], [0.228207, 0.287389, 0.088896, -0.009486, 0.0, 0.0], [0.144454, 0.088896, 0.118706, -0.013672, 0.0, 0.0], [-0.006838, -0.009486, -0.013672, 0.060024, 0.0, 0.0], [0.0, 0.0, 0.0, 0.0, 0.079788, 0.020699], [0.0, 0.0, 0.0, 0.0, 0.020699, 0.130609]], [[0.328284, 0.001986, 0.126291, -0.046956, 0.0, 0.0], [0.001986, -0.1545, -0.027861, -0.011801, 0.0, 0.0], [0.126291, -0.027861, 0.031164, 0.004234, 0.0, 0.0], [-0.046956, -0.011801, 0.004234, 0.009142, 0.0, 0.0], [0.0, 0.0, 0.0, 0.0, 0.003877, 0.000731], [0.0, 0.0, 0.0, 0.0, 0.000731, 0.016207]], [[0.0, 0.0, 0.0, 0.0, -0.255628, -0.431463], [0.0, 0.0, 0.0, 0.0, -0.340672, -0.230871], [0.0, 0.0, 0.0, 0.0, -0.160268, -0.351853], [0.0, 0.0, 0.0, 0.0, -0.132685, 0.028164], [-0.255628, -0.340672, -0.160268, -0.132685, 0.0, 0.0], [-0.431463, -0.230871, -0.351853, 0.028164, 0.0, 0.0]], [[0.0, 0.0, 0.0, 0.0, 0.02471, 0.070586], [0.0, 0.0, 0.0, 0.0, 0.192902, 0.274775], [0.0, 0.0, 0.0, 0.0, 0.149465, -0.084435], [0.0, 0.0, 0.0, 0.0, 0.05019, 0.024503], [0.02471, 0.192902, 0.149465, 0.05019, 0.0, 0.0], [0.070586, 0.274775, -0.084435, 0.024503, 0.0, 0.0]]], "quadratic couplings": [[[[-0.036487, -0.017789, -0.014319, 0.005034, 0.0, 0.0], [-0.017789, -0.02868, -0.006689, 0.010934, 0.0, 0.0], [-0.014319, -0.006689, -0.025272, 0.005317, 0.0, 0.0], [0.005034, 0.010934, 0.005317, 0.014413, 0.0, 0.0], [0.0, 0.0, 0.0, 0.0, -0.009673, 0.000441], [0.0, 0.0, 0.0, 0.0, 0.000441, -0.012528]], [[0.061074, 0.053749, 0.023474, 0.00618, 0.0, 0.0], [0.053749, 0.058628, 0.029213, -0.005617, 0.0, 0.0], [0.023474, 0.029213, 0.016782, 0.006748, 0.0, 0.0], [0.00618, -0.005617, 0.006748, -0.010954, 0.0, 0.0], [0.0, 0.0, 0.0, 0.0, 0.007324, 0.005171], [0.0, 0.0, 0.0, 0.0, 0.005171, 0.007468]], [[0.030907, 0.034257, 0.016674, -0.005257, 0.0, 0.0], [0.034257, 0.008528, 0.019118, -0.006138, 0.0, 0.0], [0.016674, 0.019118, -0.003241, -0.004871, 0.0, 0.0], [-0.005257, -0.006138, -0.004871, -0.006654, 0.0, 0.0], [0.0, 0.0, 0.0, 0.0, -0.010482, 0.007931], [0.0, 0.0, 0.0, 0.0, 0.007931, 0.003772]], [[0.015695, 0.003863, 0.004195, -0.002687, 0.0, 0.0], [0.003863, -0.008466, -0.001716, -0.003007, 0.0, 0.0], [0.004195, -0.001716, 0.026464, 0.002188, 0.0, 0.0], [-0.002687, -0.003007, 0.002188, -0.013814, 0.0, 0.0], [0.0, 0.0, 0.0, 0.0, 0.00793, -0.00215], [0.0, 0.0, 0.0, 0.0, -0.00215, 0.004052]], [[-0.064175, -0.007331, -0.02781, 0.016773, 0.0, 0.0], [-0.007331, 0.060316, 0.007503, 0.01022, 0.0, 0.0], [-0.02781, 0.007503, -0.009136, 0.006614, 0.0, 0.0], [0.016773, 0.01022, 0.006614, -0.00887, 0.0, 0.0], [0.0, 0.0, 0.0, 0.0, 0.000825, 0.003367], [0.0, 0.0, 0.0, 0.0, 0.003367, -0.001622]], [[0.007527, -0.008757, -0.006778, -0.005249, 0.0, 0.0], [-0.008757, -0.03308, 0.006511, 0.007538, 0.0, 0.0], [-0.006778, 0.006511, 0.00146, 0.008819, 0.0, 0.0], [-0.005249, 0.007538, 0.008819, 0.007814, 0.0, 0.0], [0.0, 0.0, 0.0, 0.0, -0.000213, 0.001827], [0.0, 0.0, 0.0, 0.0, 0.001827, -0.004055]], [[-0.007462, -0.003358, 0.002103, 0.000973, 0.0, 0.0], [-0.003358, 0.01512, 0.006253, -0.000174, 0.0, 0.0], [0.002103, 0.006253, 0.003879, -0.002594, 0.0, 0.0], [0.000973, -0.000174, -0.002594, -0.006191, 0.0, 0.0], [0.0, 0.0, 0.0, 0.0, 0.0, 0.000306], [0.0, 0.0, 0.0, 0.0, 0.000306, -0.001294]], [[-0.035084, -0.000166, -0.013983, 0.006996, 0.0, 0.0], [-0.000166, 0.011489, 0.000489, 0.010124, 0.0, 0.0], [-0.013983, 0.000489, -0.005935, 0.002596, 0.0, 0.0], [0.006996, 0.010124, 0.002596, 9.7e-05, 0.0, 0.0], [0.0, 0.0, 0.0, 0.0, -0.001003, 0.000808], [0.0, 0.0, 0.0, 0.0, 0.000808, -0.001147]], [[0.017647, 0.052505, 0.008262, 0.013039, 0.0, 0.0], [0.052505, 0.01661, 0.019527, -0.013122, 0.0, 0.0], [0.008262, 0.019527, 0.009079, -0.001945, 0.0, 0.0], [0.013039, -0.013122, -0.001945, -0.003921, 0.0, 0.0], [0.0, 0.0, 0.0, 0.0, 0.000711, -3.7e-05], [0.0, 0.0, 0.0, 0.0, -3.7e-05, -0.000517]], [[0.0, 0.0, 0.0, 0.0, 0.0, 0.0], [0.0, 0.0, 0.0, 0.0, 0.0, 0.0], [0.0, 0.0, 0.0, 0.0, 0.0, 0.0], [0.0, 0.0, 0.0, 0.0, 0.0, 0.0], [0.0, 0.0, 0.0, 0.0, 0.0, 0.0], [0.0, 0.0, 0.0, 0.0, 0.0, 0.0]], [[0.0, 0.0, 0.0, 0.0, 0.0, 0.0], [0.0, 0.0, 0.0, 0.0, 0.0, 0.0], [0.0, 0.0, 0.0, 0.0, 0.0, 0.0], [0.0, 0.0, 0.0, 0.0, 0.0, 0.0], [0.0, 0.0, 0.0, 0.0, 0.0, 0.0], [0.0, 0.0, 0.0, 0.0, 0.0, 0.0]]], [[[0.061074, 0.053749, 0.023474, 0.00618, 0.0, 0.0], [0.053749, 0.058628, 0.029213, -0.005617, 0.0, 0.0], [0.023474, 0.029213, 0.016782, 0.006748, 0.0, 0.0], [0.00618, -0.005617, 0.006748, -0.010954, 0.0, 0.0], [0.0, 0.0, 0.0, 0.0, 0.007324, 0.005171], [0.0, 0.0, 0.0, 0.0, 0.005171, 0.007468]], [[-0.047784, -0.03775, -0.022478, -0.000548, 0.0, 0.0], [-0.03775, -0.02948, -0.011805, -0.000678, 0.0, 0.0], [-0.022478, -0.011805, -0.007221, -0.000156, 0.0, 0.0], [-0.000548, -0.000678, -0.000156, 0.002571, 0.0, 0.0], [0.0, 0.0, 0.0, 0.0, 0.003494, -0.001251], [0.0, 0.0, 0.0, 0.0, -0.001251, -0.004984]], [[-0.063987, -0.015735, -0.009732, 0.003445, 0.0, 0.0], [-0.015735, -0.010191, -0.010219, 0.007078, 0.0, 0.0], [-0.009732, -0.010219, 0.001144, 0.00231, 0.0, 0.0], [0.003445, 0.007078, 0.00231, -0.002963, 0.0, 0.0], [0.0, 0.0, 0.0, 0.0, -0.012195, -0.014136], [0.0, 0.0, 0.0, 0.0, -0.014136, -0.011753]], [[-0.029347, -0.007087, -0.015861, 0.000997, 0.0, 0.0], [-0.007087, 0.017642, 0.00817, 0.008432, 0.0, 0.0], [-0.015861, 0.00817, -0.000945, 0.006909, 0.0, 0.0], [0.000997, 0.008432, 0.006909, 0.004928, 0.0, 0.0], [0.0, 0.0, 0.0, 0.0, -0.000782, -0.00116], [0.0, 0.0, 0.0, 0.0, -0.00116, -0.007123]], [[0.130402, 0.012954, 0.046604, -0.024839, 0.0, 0.0], [0.012954, -0.058383, -0.000311, -0.018004, 0.0, 0.0], [0.046604, -0.000311, 0.004963, -0.003761, 0.0, 0.0], [-0.024839, -0.018004, -0.003761, -0.001511, 0.0, 0.0], [0.0, 0.0, 0.0, 0.0, 0.004702, 0.003923], [0.0, 0.0, 0.0, 0.0, 0.003923, 0.003272]], [[-0.006344, 0.01319, 0.016213, 0.006014, 0.0, 0.0], [0.01319, 0.025912, -0.006202, -0.003993, 0.0, 0.0], [0.016213, -0.006202, 0.004342, -0.00828, 0.0, 0.0], [0.006014, -0.003993, -0.00828, -0.000443, 0.0, 0.0], [0.0, 0.0, 0.0, 0.0, 0.003223, -0.008152], [0.0, 0.0, 0.0, 0.0, -0.008152, 0.003491]], [[0.033297, -0.011227, -0.010608, -0.001077, 0.0, 0.0], [-0.011227, -0.035211, -0.0188, -0.004234, 0.0, 0.0], [-0.010608, -0.0188, -0.007138, -0.003568, 0.0, 0.0], [-0.001077, -0.004234, -0.003568, 0.006089, 0.0, 0.0], [0.0, 0.0, 0.0, 0.0, 0.003328, -0.000763], [0.0, 0.0, 0.0, 0.0, -0.000763, 0.002639]], [[0.033425, 0.005861, 0.01709, -0.012841, 0.0, 0.0], [0.005861, -0.008336, -0.00015, -0.007394, 0.0, 0.0], [0.01709, -0.00015, 0.00587, -0.003905, 0.0, 0.0], [-0.012841, -0.007394, -0.003905, 0.002176, 0.0, 0.0], [0.0, 0.0, 0.0, 0.0, 0.001863, 0.000188], [0.0, 0.0, 0.0, 0.0, 0.000188, 0.000622]], [[-0.05747, -0.069357, -0.008295, -0.023661, 0.0, 0.0], [-0.069357, -0.014535, -0.016788, 0.007219, 0.0, 0.0], [-0.008295, -0.016788, 0.005128, -0.003645, 0.0, 0.0], [-0.023661, 0.007219, -0.003645, 0.010223, 0.0, 0.0], [0.0, 0.0, 0.0, 0.0, 0.005566, -0.002479], [0.0, 0.0, 0.0, 0.0, -0.002479, 0.005073]], [[0.0, 0.0, 0.0, 0.0, 0.0, 0.0], [0.0, 0.0, 0.0, 0.0, 0.0, 0.0], [0.0, 0.0, 0.0, 0.0, 0.0, 0.0], [0.0, 0.0, 0.0, 0.0, 0.0, 0.0], [0.0, 0.0, 0.0, 0.0, 0.0, 0.0], [0.0, 0.0, 0.0, 0.0, 0.0, 0.0]], [[0.0, 0.0, 0.0, 0.0, 0.0, 0.0], [0.0, 0.0, 0.0, 0.0, 0.0, 0.0], [0.0, 0.0, 0.0, 0.0, 0.0, 0.0], [0.0, 0.0, 0.0, 0.0, 0.0, 0.0], [0.0, 0.0, 0.0, 0.0, 0.0, 0.0], [0.0, 0.0, 0.0, 0.0, 0.0, 0.0]]], [[[0.030907, 0.034257, 0.016674, -0.005257, 0.0, 0.0], [0.034257, 0.008528, 0.019118, -0.006138, 0.0, 0.0], [0.016674, 0.019118, -0.003241, -0.004871, 0.0, 0.0], [-0.005257, -0.006138, -0.004871, -0.006654, 0.0, 0.0], [0.0, 0.0, 0.0, 0.0, -0.010482, 0.007931], [0.0, 0.0, 0.0, 0.0, 0.007931, 0.003772]], [[-0.063987, -0.015735, -0.009732, 0.003445, 0.0, 0.0], [-0.015735, -0.010191, -0.010219, 0.007078, 0.0, 0.0], [-0.009732, -0.010219, 0.001144, 0.00231, 0.0, 0.0], [0.003445, 0.007078, 0.00231, -0.002963, 0.0, 0.0], [0.0, 0.0, 0.0, 0.0, -0.012195, -0.014136], [0.0, 0.0, 0.0, 0.0, -0.014136, -0.011753]], [[-0.006553, 0.002951, -0.000391, 0.004397, 0.0, 0.0], [0.002951, -0.033306, -0.008389, -0.003828, 0.0, 0.0], [-0.000391, -0.008389, -0.002644, 0.00017, 0.0, 0.0], [0.004397, -0.003828, 0.00017, -0.003074, 0.0, 0.0], [0.0, 0.0, 0.0, 0.0, 0.004352, 0.005712], [0.0, 0.0, 0.0, 0.0, 0.005712, -0.000136]], [[-0.004743, 0.010132, -0.005073, 3.9e-05, 0.0, 0.0], [0.010132, -0.004643, 0.003692, -0.004245, 0.0, 0.0], [-0.005073, 0.003692, 0.003012, 0.000333, 0.0, 0.0], [3.9e-05, -0.004245, 0.000333, -0.002229, 0.0, 0.0], [0.0, 0.0, 0.0, 0.0, 0.002118, -0.001054], [0.0, 0.0, 0.0, 0.0, -0.001054, 0.005755]], [[0.042208, -0.03607, 0.001878, -0.015197, 0.0, 0.0], [-0.03607, -0.017313, -0.012434, 0.008563, 0.0, 0.0], [0.001878, -0.012434, 0.004659, -0.000989, 0.0, 0.0], [-0.015197, 0.008563, -0.000989, 0.016304, 0.0, 0.0], [0.0, 0.0, 0.0, 0.0, 0.000723, -0.009958], [0.0, 0.0, 0.0, 0.0, -0.009958, -0.002891]], [[0.007575, 0.003945, -0.006009, 0.002388, 0.0, 0.0], [0.003945, 0.011083, 0.001451, 0.003314, 0.0, 0.0], [-0.006009, 0.001451, -0.002133, 0.005155, 0.0, 0.0], [0.002388, 0.003314, 0.005155, 0.002951, 0.0, 0.0], [0.0, 0.0, 0.0, 0.0, 0.009903, 0.009914], [0.0, 0.0, 0.0, 0.0, 0.009914, 0.003276]], [[0.014887, -0.020279, -0.00818, -0.005508, 0.0, 0.0], [-0.020279, 0.023715, -0.004571, 0.007365, 0.0, 0.0], [-0.00818, -0.004571, -0.017055, 0.00086, 0.0, 0.0], [-0.005508, 0.007365, 0.00086, -0.00291, 0.0, 0.0], [0.0, 0.0, 0.0, 0.0, -0.005944, 0.000405], [0.0, 0.0, 0.0, 0.0, 0.000405, -0.005601]], [[0.038025, 0.006987, 0.012214, -0.002324, 0.0, 0.0], [0.006987, -0.018497, 0.002363, -0.012093, 0.0, 0.0], [0.012214, 0.002363, 0.006582, -0.004254, 0.0, 0.0], [-0.002324, -0.012093, -0.004254, 0.001943, 0.0, 0.0], [0.0, 0.0, 0.0, 0.0, 0.001998, -0.000427], [0.0, 0.0, 0.0, 0.0, -0.000427, 0.001335]], [[-0.020621, -0.010246, 0.007235, -0.003549, 0.0, 0.0], [-0.010246, 0.015921, -0.004111, 0.014091, 0.0, 0.0], [0.007235, -0.004111, 0.0085, 0.00196, 0.0, 0.0], [-0.003549, 0.014091, 0.00196, 0.00771, 0.0, 0.0], [0.0, 0.0, 0.0, 0.0, 0.004982, -0.002316], [0.0, 0.0, 0.0, 0.0, -0.002316, 0.005352]], [[0.0, 0.0, 0.0, 0.0, 0.0, 0.0], [0.0, 0.0, 0.0, 0.0, 0.0, 0.0], [0.0, 0.0, 0.0, 0.0, 0.0, 0.0], [0.0, 0.0, 0.0, 0.0, 0.0, 0.0], [0.0, 0.0, 0.0, 0.0, 0.0, 0.0], [0.0, 0.0, 0.0, 0.0, 0.0, 0.0]], [[0.0, 0.0, 0.0, 0.0, 0.0, 0.0], [0.0, 0.0, 0.0, 0.0, 0.0, 0.0], [0.0, 0.0, 0.0, 0.0, 0.0, 0.0], [0.0, 0.0, 0.0, 0.0, 0.0, 0.0], [0.0, 0.0, 0.0, 0.0, 0.0, 0.0], [0.0, 0.0, 0.0, 0.0, 0.0, 0.0]]], [[[0.015695, 0.003863, 0.004195, -0.002687, 0.0, 0.0], [0.003863, -0.008466, -0.001716, -0.003007, 0.0, 0.0], [0.004195, -0.001716, 0.026464, 0.002188, 0.0, 0.0], [-0.002687, -0.003007, 0.002188, -0.013814, 0.0, 0.0], [0.0, 0.0, 0.0, 0.0, 0.00793, -0.00215], [0.0, 0.0, 0.0, 0.0, -0.00215, 0.004052]], [[-0.029347, -0.007087, -0.015861, 0.000997, 0.0, 0.0], [-0.007087, 0.017642, 0.00817, 0.008432, 0.0, 0.0], [-0.015861, 0.00817, -0.000945, 0.006909, 0.0, 0.0], [0.000997, 0.008432, 0.006909, 0.004928, 0.0, 0.0], [0.0, 0.0, 0.0, 0.0, -0.000782, -0.00116], [0.0, 0.0, 0.0, 0.0, -0.00116, -0.007123]], [[-0.004743, 0.010132, -0.005073, 3.9e-05, 0.0, 0.0], [0.010132, -0.004643, 0.003692, -0.004245, 0.0, 0.0], [-0.005073, 0.003692, 0.003012, 0.000333, 0.0, 0.0], [3.9e-05, -0.004245, 0.000333, -0.002229, 0.0, 0.0], [0.0, 0.0, 0.0, 0.0, 0.002118, -0.001054], [0.0, 0.0, 0.0, 0.0, -0.001054, 0.005755]], [[-0.003892, 0.013722, 0.006542, 0.008084, 0.0, 0.0], [0.013722, -0.036844, -0.030284, -0.037801, 0.0, 0.0], [0.006542, -0.030284, -0.016739, -0.02139, 0.0, 0.0], [0.008084, -0.037801, -0.02139, -0.013997, 0.0, 0.0], [0.0, 0.0, 0.0, 0.0, 0.003782, -0.000656], [0.0, 0.0, 0.0, 0.0, -0.000656, 0.005126]], [[0.026891, 0.006719, 0.024104, 0.003068, 0.0, 0.0], [0.006719, 0.013492, -0.000723, -0.000363, 0.0, 0.0], [0.024104, -0.000723, 0.007673, -0.002628, 0.0, 0.0], [0.003068, -0.000363, -0.002628, -0.003804, 0.0, 0.0], [0.0, 0.0, 0.0, 0.0, 0.003674, 5.9e-05], [0.0, 0.0, 0.0, 0.0, 5.9e-05, 0.003138]], [[0.004705, -0.014594, -0.006138, -0.008469, 0.0, 0.0], [-0.014594, 0.029736, 0.025794, 0.018329, 0.0, 0.0], [-0.006138, 0.025794, 0.019294, 0.009549, 0.0, 0.0], [-0.008469, 0.018329, 0.009549, 0.009951, 0.0, 0.0], [0.0, 0.0, 0.0, 0.0, 0.005529, -0.005454], [0.0, 0.0, 0.0, 0.0, -0.005454, 0.002993]], [[-9.7e-05, 0.013886, 0.002839, 0.003078, 0.0, 0.0], [0.013886, -0.061246, -0.010911, -0.012208, 0.0, 0.0], [0.002839, -0.010911, 0.015493, 0.012246, 0.0, 0.0], [0.003078, -0.012208, 0.012246, 0.007823, 0.0, 0.0], [0.0, 0.0, 0.0, 0.0, 0.000973, -0.000202], [0.0, 0.0, 0.0, 0.0, -0.000202, -0.000552]], [[-0.012946, 0.000431, 0.00246, 0.002332, 0.0, 0.0], [0.000431, -0.001801, 0.005364, 0.00335, 0.0, 0.0], [0.00246, 0.005364, 0.002399, 0.004323, 0.0, 0.0], [0.002332, 0.00335, 0.004323, -0.002377, 0.0, 0.0], [0.0, 0.0, 0.0, 0.0, -0.002168, -0.00155], [0.0, 0.0, 0.0, 0.0, -0.00155, -0.003614]], [[-0.017515, 0.003436, -0.008189, -0.001526, 0.0, 0.0], [0.003436, 0.003487, -0.00289, -0.003035, 0.0, 0.0], [-0.008189, -0.00289, -0.002693, -0.001411, 0.0, 0.0], [-0.001526, -0.003035, -0.001411, 0.002019, 0.0, 0.0], [0.0, 0.0, 0.0, 0.0, 0.001195, -4.7e-05], [0.0, 0.0, 0.0, 0.0, -4.7e-05, 0.000771]], [[0.0, 0.0, 0.0, 0.0, 0.0, 0.0], [0.0, 0.0, 0.0, 0.0, 0.0, 0.0], [0.0, 0.0, 0.0, 0.0, 0.0, 0.0], [0.0, 0.0, 0.0, 0.0, 0.0, 0.0], [0.0, 0.0, 0.0, 0.0, 0.0, 0.0], [0.0, 0.0, 0.0, 0.0, 0.0, 0.0]], [[0.0, 0.0, 0.0, 0.0, 0.0, 0.0], [0.0, 0.0, 0.0, 0.0, 0.0, 0.0], [0.0, 0.0, 0.0, 0.0, 0.0, 0.0], [0.0, 0.0, 0.0, 0.0, 0.0, 0.0], [0.0, 0.0, 0.0, 0.0, 0.0, 0.0], [0.0, 0.0, 0.0, 0.0, 0.0, 0.0]]], [[[-0.064175, -0.007331, -0.02781, 0.016773, 0.0, 0.0], [-0.007331, 0.060316, 0.007503, 0.01022, 0.0, 0.0], [-0.02781, 0.007503, -0.009136, 0.006614, 0.0, 0.0], [0.016773, 0.01022, 0.006614, -0.00887, 0.0, 0.0], [0.0, 0.0, 0.0, 0.0, 0.000825, 0.003367], [0.0, 0.0, 0.0, 0.0, 0.003367, -0.001622]], [[0.130402, 0.012954, 0.046604, -0.024839, 0.0, 0.0], [0.012954, -0.058383, -0.000311, -0.018004, 0.0, 0.0], [0.046604, -0.000311, 0.004963, -0.003761, 0.0, 0.0], [-0.024839, -0.018004, -0.003761, -0.001511, 0.0, 0.0], [0.0, 0.0, 0.0, 0.0, 0.004702, 0.003923], [0.0, 0.0, 0.0, 0.0, 0.003923, 0.003272]], [[0.042208, -0.03607, 0.001878, -0.015197, 0.0, 0.0], [-0.03607, -0.017313, -0.012434, 0.008563, 0.0, 0.0], [0.001878, -0.012434, 0.004659, -0.000989, 0.0, 0.0], [-0.015197, 0.008563, -0.000989, 0.016304, 0.0, 0.0], [0.0, 0.0, 0.0, 0.0, 0.000723, -0.009958], [0.0, 0.0, 0.0, 0.0, -0.009958, -0.002891]], [[0.026891, 0.006719, 0.024104, 0.003068, 0.0, 0.0], [0.006719, 0.013492, -0.000723, -0.000363, 0.0, 0.0], [0.024104, -0.000723, 0.007673, -0.002628, 0.0, 0.0], [0.003068, -0.000363, -0.002628, -0.003804, 0.0, 0.0], [0.0, 0.0, 0.0, 0.0, 0.003674, 5.9e-05], [0.0, 0.0, 0.0, 0.0, 5.9e-05, 0.003138]], [[-0.103508, -0.018358, -0.034702, 0.014053, 0.0, 0.0], [-0.018358, -0.028897, -0.015865, 0.002579, 0.0, 0.0], [-0.034702, -0.015865, -0.011016, 0.001996, 0.0, 0.0], [0.014053, 0.002579, 0.001996, 0.00118, 0.0, 0.0], [0.0, 0.0, 0.0, 0.0, -0.00055, -0.002923], [0.0, 0.0, 0.0, 0.0, -0.002923, -0.005464]], [[0.024585, -0.013121, -0.007426, 0.003028, 0.0, 0.0], [-0.013121, 0.028621, 0.00727, -0.005461, 0.0, 0.0], [-0.007426, 0.00727, 0.005233, 0.000235, 0.0, 0.0], [0.003028, -0.005461, 0.000235, -6.6e-05, 0.0, 0.0], [0.0, 0.0, 0.0, 0.0, 0.006903, -0.008793], [0.0, 0.0, 0.0, 0.0, -0.008793, 0.003214]], [[-0.05664, 0.051495, 0.018359, 0.019717, 0.0, 0.0], [0.051495, -0.029184, 0.002605, -0.018495, 0.0, 0.0], [0.018359, 0.002605, 0.011247, -0.002514, 0.0, 0.0], [0.019717, -0.018495, -0.002514, -0.00576, 0.0, 0.0], [0.0, 0.0, 0.0, 0.0, 0.001038, -0.00026], [0.0, 0.0, 0.0, 0.0, -0.00026, 0.000799]], [[0.031833, 0.032879, -0.003182, 0.018635, 0.0, 0.0], [0.032879, 0.015492, 0.008762, -0.008238, 0.0, 0.0], [-0.003182, 0.008762, -0.000642, -0.00062, 0.0, 0.0], [0.018635, -0.008238, -0.00062, -0.00459, 0.0, 0.0], [0.0, 0.0, 0.0, 0.0, 0.002436, 0.003893], [0.0, 0.0, 0.0, 0.0, 0.003893, 0.002309]], [[0.049849, 0.019642, 0.003666, -0.011343, 0.0, 0.0], [0.019642, 0.007718, 0.011226, -0.01027, 0.0, 0.0], [0.003666, 0.011226, -0.001875, -0.000842, 0.0, 0.0], [-0.011343, -0.01027, -0.000842, -0.002383, 0.0, 0.0], [0.0, 0.0, 0.0, 0.0, -0.001105, 0.000603], [0.0, 0.0, 0.0, 0.0, 0.000603, -0.000964]], [[0.0, 0.0, 0.0, 0.0, 0.0, 0.0], [0.0, 0.0, 0.0, 0.0, 0.0, 0.0], [0.0, 0.0, 0.0, 0.0, 0.0, 0.0], [0.0, 0.0, 0.0, 0.0, 0.0, 0.0], [0.0, 0.0, 0.0, 0.0, 0.0, 0.0], [0.0, 0.0, 0.0, 0.0, 0.0, 0.0]], [[0.0, 0.0, 0.0, 0.0, 0.0, 0.0], [0.0, 0.0, 0.0, 0.0, 0.0, 0.0], [0.0, 0.0, 0.0, 0.0, 0.0, 0.0], [0.0, 0.0, 0.0, 0.0, 0.0, 0.0], [0.0, 0.0, 0.0, 0.0, 0.0, 0.0], [0.0, 0.0, 0.0, 0.0, 0.0, 0.0]]], [[[0.007527, -0.008757, -0.006778, -0.005249, 0.0, 0.0], [-0.008757, -0.03308, 0.006511, 0.007538, 0.0, 0.0], [-0.006778, 0.006511, 0.00146, 0.008819, 0.0, 0.0], [-0.005249, 0.007538, 0.008819, 0.007814, 0.0, 0.0], [0.0, 0.0, 0.0, 0.0, -0.000213, 0.001827], [0.0, 0.0, 0.0, 0.0, 0.001827, -0.004055]], [[-0.006344, 0.01319, 0.016213, 0.006014, 0.0, 0.0], [0.01319, 0.025912, -0.006202, -0.003993, 0.0, 0.0], [0.016213, -0.006202, 0.004342, -0.00828, 0.0, 0.0], [0.006014, -0.003993, -0.00828, -0.000443, 0.0, 0.0], [0.0, 0.0, 0.0, 0.0, 0.003223, -0.008152], [0.0, 0.0, 0.0, 0.0, -0.008152, 0.003491]], [[0.007575, 0.003945, -0.006009, 0.002388, 0.0, 0.0], [0.003945, 0.011083, 0.001451, 0.003314, 0.0, 0.0], [-0.006009, 0.001451, -0.002133, 0.005155, 0.0, 0.0], [0.002388, 0.003314, 0.005155, 0.002951, 0.0, 0.0], [0.0, 0.0, 0.0, 0.0, 0.009903, 0.009914], [0.0, 0.0, 0.0, 0.0, 0.009914, 0.003276]], [[0.004705, -0.014594, -0.006138, -0.008469, 0.0, 0.0], [-0.014594, 0.029736, 0.025794, 0.018329, 0.0, 0.0], [-0.006138, 0.025794, 0.019294, 0.009549, 0.0, 0.0], [-0.008469, 0.018329, 0.009549, 0.009951, 0.0, 0.0], [0.0, 0.0, 0.0, 0.0, 0.005529, -0.005454], [0.0, 0.0, 0.0, 0.0, -0.005454, 0.002993]], [[0.024585, -0.013121, -0.007426, 0.003028, 0.0, 0.0], [-0.013121, 0.028621, 0.00727, -0.005461, 0.0, 0.0], [-0.007426, 0.00727, 0.005233, 0.000235, 0.0, 0.0], [0.003028, -0.005461, 0.000235, -6.6e-05, 0.0, 0.0], [0.0, 0.0, 0.0, 0.0, 0.006903, -0.008793], [0.0, 0.0, 0.0, 0.0, -0.008793, 0.003214]], [[-0.00492, 0.001545, -0.005792, 0.01343, 0.0, 0.0], [0.001545, -0.009244, -0.005522, -0.02127, 0.0, 0.0], [-0.005792, -0.005522, -0.00016, -0.004319, 0.0, 0.0], [0.01343, -0.02127, -0.004319, 0.009518, 0.0, 0.0], [0.0, 0.0, 0.0, 0.0, 0.018597, -0.012467], [0.0, 0.0, 0.0, 0.0, -0.012467, 0.005041]], [[0.014881, -0.025724, -0.00578, -0.004886, 0.0, 0.0], [-0.025724, 0.067237, 0.008346, 0.003003, 0.0, 0.0], [-0.00578, 0.008346, 0.002489, -0.0052, 0.0, 0.0], [-0.004886, 0.003003, -0.0052, 0.010103, 0.0, 0.0], [0.0, 0.0, 0.0, 0.0, 0.00981, -0.005048], [0.0, 0.0, 0.0, 0.0, -0.005048, 0.008272]], [[-0.000819, -0.008415, -0.004638, 0.000175, 0.0, 0.0], [-0.008415, -0.007756, -0.005333, 0.003875, 0.0, 0.0], [-0.004638, -0.005333, 0.002351, 0.000986, 0.0, 0.0], [0.000175, 0.003875, 0.000986, 0.004912, 0.0, 0.0], [0.0, 0.0, 0.0, 0.0, 0.00264, -0.002124], [0.0, 0.0, 0.0, 0.0, -0.002124, 0.001207]], [[-0.001847, 0.010083, 0.006547, -0.00511, 0.0, 0.0], [0.010083, 0.006394, 0.000612, -0.005112, 0.0, 0.0], [0.006547, 0.000612, -0.001865, -0.001213, 0.0, 0.0], [-0.00511, -0.005112, -0.001213, -0.001295, 0.0, 0.0], [0.0, 0.0, 0.0, 0.0, -0.001883, 0.000632], [0.0, 0.0, 0.0, 0.0, 0.000632, -0.002241]], [[0.0, 0.0, 0.0, 0.0, 0.0, 0.0], [0.0, 0.0, 0.0, 0.0, 0.0, 0.0], [0.0, 0.0, 0.0, 0.0, 0.0, 0.0], [0.0, 0.0, 0.0, 0.0, 0.0, 0.0], [0.0, 0.0, 0.0, 0.0, 0.0, 0.0], [0.0, 0.0, 0.0, 0.0, 0.0, 0.0]], [[0.0, 0.0, 0.0, 0.0, 0.0, 0.0], [0.0, 0.0, 0.0, 0.0, 0.0, 0.0], [0.0, 0.0, 0.0, 0.0, 0.0, 0.0], [0.0, 0.0, 0.0, 0.0, 0.0, 0.0], [0.0, 0.0, 0.0, 0.0, 0.0, 0.0], [0.0, 0.0, 0.0, 0.0, 0.0, 0.0]]], [[[-0.007462, -0.003358, 0.002103, 0.000973, 0.0, 0.0], [-0.003358, 0.01512, 0.006253, -0.000174, 0.0, 0.0], [0.002103, 0.006253, 0.003879, -0.002594, 0.0, 0.0], [0.000973, -0.000174, -0.002594, -0.006191, 0.0, 0.0], [0.0, 0.0, 0.0, 0.0, 0.0, 0.000306], [0.0, 0.0, 0.0, 0.0, 0.000306, -0.001294]], [[0.033297, -0.011227, -0.010608, -0.001077, 0.0, 0.0], [-0.011227, -0.035211, -0.0188, -0.004234, 0.0, 0.0], [-0.010608, -0.0188, -0.007138, -0.003568, 0.0, 0.0], [-0.001077, -0.004234, -0.003568, 0.006089, 0.0, 0.0], [0.0, 0.0, 0.0, 0.0, 0.003328, -0.000763], [0.0, 0.0, 0.0, 0.0, -0.000763, 0.002639]], [[0.014887, -0.020279, -0.00818, -0.005508, 0.0, 0.0], [-0.020279, 0.023715, -0.004571, 0.007365, 0.0, 0.0], [-0.00818, -0.004571, -0.017055, 0.00086, 0.0, 0.0], [-0.005508, 0.007365, 0.00086, -0.00291, 0.0, 0.0], [0.0, 0.0, 0.0, 0.0, -0.005944, 0.000405], [0.0, 0.0, 0.0, 0.0, 0.000405, -0.005601]], [[-9.7e-05, 0.013886, 0.002839, 0.003078, 0.0, 0.0], [0.013886, -0.061246, -0.010911, -0.012208, 0.0, 0.0], [0.002839, -0.010911, 0.015493, 0.012246, 0.0, 0.0], [0.003078, -0.012208, 0.012246, 0.007823, 0.0, 0.0], [0.0, 0.0, 0.0, 0.0, 0.000973, -0.000202], [0.0, 0.0, 0.0, 0.0, -0.000202, -0.000552]], [[-0.05664, 0.051495, 0.018359, 0.019717, 0.0, 0.0], [0.051495, -0.029184, 0.002605, -0.018495, 0.0, 0.0], [0.018359, 0.002605, 0.011247, -0.002514, 0.0, 0.0], [0.019717, -0.018495, -0.002514, -0.00576, 0.0, 0.0], [0.0, 0.0, 0.0, 0.0, 0.001038, -0.00026], [0.0, 0.0, 0.0, 0.0, -0.00026, 0.000799]], [[0.014881, -0.025724, -0.00578, -0.004886, 0.0, 0.0], [-0.025724, 0.067237, 0.008346, 0.003003, 0.0, 0.0], [-0.00578, 0.008346, 0.002489, -0.0052, 0.0, 0.0], [-0.004886, 0.003003, -0.0052, 0.010103, 0.0, 0.0], [0.0, 0.0, 0.0, 0.0, 0.00981, -0.005048], [0.0, 0.0, 0.0, 0.0, -0.005048, 0.008272]], [[-0.008683, 0.018823, 0.008642, 0.007652, 0.0, 0.0], [0.018823, -0.02087, -0.007353, -0.011805, 0.0, 0.0], [0.008642, -0.007353, 0.006315, -0.002073, 0.0, 0.0], [0.007652, -0.011805, -0.002073, 0.004462, 0.0, 0.0], [0.0, 0.0, 0.0, 0.0, 0.005809, -0.001314], [0.0, 0.0, 0.0, 0.0, -0.001314, 0.005142]], [[-0.014476, -0.002744, 0.002196, -0.000211, 0.0, 0.0], [-0.002744, 0.03601, 0.01099, 0.006242, 0.0, 0.0], [0.002196, 0.01099, 0.002935, 0.002388, 0.0, 0.0], [-0.000211, 0.006242, 0.002388, 0.000333, 0.0, 0.0], [0.0, 0.0, 0.0, 0.0, -0.000154, -0.000661], [0.0, 0.0, 0.0, 0.0, -0.000661, -0.000502]], [[0.039464, -0.016667, -0.017605, -0.000717, 0.0, 0.0], [-0.016667, -0.037815, -0.016622, -0.00638, 0.0, 0.0], [-0.017605, -0.016622, -0.00893, -0.001557, 0.0, 0.0], [-0.000717, -0.00638, -0.001557, 0.000376, 0.0, 0.0], [0.0, 0.0, 0.0, 0.0, -0.000498, 0.000309], [0.0, 0.0, 0.0, 0.0, 0.000309, -0.000536]], [[0.0, 0.0, 0.0, 0.0, 0.0, 0.0], [0.0, 0.0, 0.0, 0.0, 0.0, 0.0], [0.0, 0.0, 0.0, 0.0, 0.0, 0.0], [0.0, 0.0, 0.0, 0.0, 0.0, 0.0], [0.0, 0.0, 0.0, 0.0, 0.0, 0.0], [0.0, 0.0, 0.0, 0.0, 0.0, 0.0]], [[0.0, 0.0, 0.0, 0.0, 0.0, 0.0], [0.0, 0.0, 0.0, 0.0, 0.0, 0.0], [0.0, 0.0, 0.0, 0.0, 0.0, 0.0], [0.0, 0.0, 0.0, 0.0, 0.0, 0.0], [0.0, 0.0, 0.0, 0.0, 0.0, 0.0], [0.0, 0.0, 0.0, 0.0, 0.0, 0.0]]], [[[-0.035084, -0.000166, -0.013983, 0.006996, 0.0, 0.0], [-0.000166, 0.011489, 0.000489, 0.010124, 0.0, 0.0], [-0.013983, 0.000489, -0.005935, 0.002596, 0.0, 0.0], [0.006996, 0.010124, 0.002596, 9.7e-05, 0.0, 0.0], [0.0, 0.0, 0.0, 0.0, -0.001003, 0.000808], [0.0, 0.0, 0.0, 0.0, 0.000808, -0.001147]], [[0.033425, 0.005861, 0.01709, -0.012841, 0.0, 0.0], [0.005861, -0.008336, -0.00015, -0.007394, 0.0, 0.0], [0.01709, -0.00015, 0.00587, -0.003905, 0.0, 0.0], [-0.012841, -0.007394, -0.003905, 0.002176, 0.0, 0.0], [0.0, 0.0, 0.0, 0.0, 0.001863, 0.000188], [0.0, 0.0, 0.0, 0.0, 0.000188, 0.000622]], [[0.038025, 0.006987, 0.012214, -0.002324, 0.0, 0.0], [0.006987, -0.018497, 0.002363, -0.012093, 0.0, 0.0], [0.012214, 0.002363, 0.006582, -0.004254, 0.0, 0.0], [-0.002324, -0.012093, -0.004254, 0.001943, 0.0, 0.0], [0.0, 0.0, 0.0, 0.0, 0.001998, -0.000427], [0.0, 0.0, 0.0, 0.0, -0.000427, 0.001335]], [[-0.012946, 0.000431, 0.00246, 0.002332, 0.0, 0.0], [0.000431, -0.001801, 0.005364, 0.00335, 0.0, 0.0], [0.00246, 0.005364, 0.002399, 0.004323, 0.0, 0.0], [0.002332, 0.00335, 0.004323, -0.002377, 0.0, 0.0], [0.0, 0.0, 0.0, 0.0, -0.002168, -0.00155], [0.0, 0.0, 0.0, 0.0, -0.00155, -0.003614]], [[0.031833, 0.032879, -0.003182, 0.018635, 0.0, 0.0], [0.032879, 0.015492, 0.008762, -0.008238, 0.0, 0.0], [-0.003182, 0.008762, -0.000642, -0.00062, 0.0, 0.0], [0.018635, -0.008238, -0.00062, -0.00459, 0.0, 0.0], [0.0, 0.0, 0.0, 0.0, 0.002436, 0.003893], [0.0, 0.0, 0.0, 0.0, 0.003893, 0.002309]], [[-0.000819, -0.008415, -0.004638, 0.000175, 0.0, 0.0], [-0.008415, -0.007756, -0.005333, 0.003875, 0.0, 0.0], [-0.004638, -0.005333, 0.002351, 0.000986, 0.0, 0.0], [0.000175, 0.003875, 0.000986, 0.004912, 0.0, 0.0], [0.0, 0.0, 0.0, 0.0, 0.00264, -0.002124], [0.0, 0.0, 0.0, 0.0, -0.002124, 0.001207]], [[-0.014476, -0.002744, 0.002196, -0.000211, 0.0, 0.0], [-0.002744, 0.03601, 0.01099, 0.006242, 0.0, 0.0], [0.002196, 0.01099, 0.002935, 0.002388, 0.0, 0.0], [-0.000211, 0.006242, 0.002388, 0.000333, 0.0, 0.0], [0.0, 0.0, 0.0, 0.0, -0.000154, -0.000661], [0.0, 0.0, 0.0, 0.0, -0.000661, -0.000502]], [[0.018114, 0.010935, 0.00284, 0.002212, 0.0, 0.0], [0.010935, -0.001849, 0.002024, -0.001001, 0.0, 0.0], [0.00284, 0.002024, 0.001873, -0.000467, 0.0, 0.0], [0.002212, -0.001001, -0.000467, 0.0004, 0.0, 0.0], [0.0, 0.0, 0.0, 0.0, 0.000304, -0.000142], [0.0, 0.0, 0.0, 0.0, -0.000142, 0.000927]], [[0.016093, 0.01751, 0.010963, -0.031496, 0.0, 0.0], [0.01751, 0.015266, 0.008805, -0.02016, 0.0, 0.0], [0.010963, 0.008805, 0.005848, -0.007196, 0.0, 0.0], [-0.031496, -0.02016, -0.007196, 0.000986, 0.0, 0.0], [0.0, 0.0, 0.0, 0.0, 0.000837, -0.000105], [0.0, 0.0, 0.0, 0.0, -0.000105, 0.000589]], [[0.0, 0.0, 0.0, 0.0, 0.0, 0.0], [0.0, 0.0, 0.0, 0.0, 0.0, 0.0], [0.0, 0.0, 0.0, 0.0, 0.0, 0.0], [0.0, 0.0, 0.0, 0.0, 0.0, 0.0], [0.0, 0.0, 0.0, 0.0, 0.0, 0.0], [0.0, 0.0, 0.0, 0.0, 0.0, 0.0]], [[0.0, 0.0, 0.0, 0.0, 0.0, 0.0], [0.0, 0.0, 0.0, 0.0, 0.0, 0.0], [0.0, 0.0, 0.0, 0.0, 0.0, 0.0], [0.0, 0.0, 0.0, 0.0, 0.0, 0.0], [0.0, 0.0, 0.0, 0.0, 0.0, 0.0], [0.0, 0.0, 0.0, 0.0, 0.0, 0.0]]], [[[0.017647, 0.052505, 0.008262, 0.013039, 0.0, 0.0], [0.052505, 0.01661, 0.019527, -0.013122, 0.0, 0.0], [0.008262, 0.019527, 0.009079, -0.001945, 0.0, 0.0], [0.013039, -0.013122, -0.001945, -0.003921, 0.0, 0.0], [0.0, 0.0, 0.0, 0.0, 0.000711, -3.7e-05], [0.0, 0.0, 0.0, 0.0, -3.7e-05, -0.000517]], [[-0.05747, -0.069357, -0.008295, -0.023661, 0.0, 0.0], [-0.069357, -0.014535, -0.016788, 0.007219, 0.0, 0.0], [-0.008295, -0.016788, 0.005128, -0.003645, 0.0, 0.0], [-0.023661, 0.007219, -0.003645, 0.010223, 0.0, 0.0], [0.0, 0.0, 0.0, 0.0, 0.005566, -0.002479], [0.0, 0.0, 0.0, 0.0, -0.002479, 0.005073]], [[-0.020621, -0.010246, 0.007235, -0.003549, 0.0, 0.0], [-0.010246, 0.015921, -0.004111, 0.014091, 0.0, 0.0], [0.007235, -0.004111, 0.0085, 0.00196, 0.0, 0.0], [-0.003549, 0.014091, 0.00196, 0.00771, 0.0, 0.0], [0.0, 0.0, 0.0, 0.0, 0.004982, -0.002316], [0.0, 0.0, 0.0, 0.0, -0.002316, 0.005352]], [[-0.017515, 0.003436, -0.008189, -0.001526, 0.0, 0.0], [0.003436, 0.003487, -0.00289, -0.003035, 0.0, 0.0], [-0.008189, -0.00289, -0.002693, -0.001411, 0.0, 0.0], [-0.001526, -0.003035, -0.001411, 0.002019, 0.0, 0.0], [0.0, 0.0, 0.0, 0.0, 0.001195, -4.7e-05], [0.0, 0.0, 0.0, 0.0, -4.7e-05, 0.000771]], [[0.049849, 0.019642, 0.003666, -0.011343, 0.0, 0.0], [0.019642, 0.007718, 0.011226, -0.01027, 0.0, 0.0], [0.003666, 0.011226, -0.001875, -0.000842, 0.0, 0.0], [-0.011343, -0.01027, -0.000842, -0.002383, 0.0, 0.0], [0.0, 0.0, 0.0, 0.0, -0.001105, 0.000603], [0.0, 0.0, 0.0, 0.0, 0.000603, -0.000964]], [[-0.001847, 0.010083, 0.006547, -0.00511, 0.0, 0.0], [0.010083, 0.006394, 0.000612, -0.005112, 0.0, 0.0], [0.006547, 0.000612, -0.001865, -0.001213, 0.0, 0.0], [-0.00511, -0.005112, -0.001213, -0.001295, 0.0, 0.0], [0.0, 0.0, 0.0, 0.0, -0.001883, 0.000632], [0.0, 0.0, 0.0, 0.0, 0.000632, -0.002241]], [[0.039464, -0.016667, -0.017605, -0.000717, 0.0, 0.0], [-0.016667, -0.037815, -0.016622, -0.00638, 0.0, 0.0], [-0.017605, -0.016622, -0.00893, -0.001557, 0.0, 0.0], [-0.000717, -0.00638, -0.001557, 0.000376, 0.0, 0.0], [0.0, 0.0, 0.0, 0.0, -0.000498, 0.000309], [0.0, 0.0, 0.0, 0.0, 0.000309, -0.000536]], [[0.016093, 0.01751, 0.010963, -0.031496, 0.0, 0.0], [0.01751, 0.015266, 0.008805, -0.02016, 0.0, 0.0], [0.010963, 0.008805, 0.005848, -0.007196, 0.0, 0.0], [-0.031496, -0.02016, -0.007196, 0.000986, 0.0, 0.0], [0.0, 0.0, 0.0, 0.0, 0.000837, -0.000105], [0.0, 0.0, 0.0, 0.0, -0.000105, 0.000589]], [[-0.039178, -0.024688, -0.001767, -0.01655, 0.0, 0.0], [-0.024688, -0.008837, -0.004542, 0.002387, 0.0, 0.0], [-0.001767, -0.004542, 0.001326, -0.003562, 0.0, 0.0], [-0.01655, 0.002387, -0.003562, 0.001048, 0.0, 0.0], [0.0, 0.0, 0.0, 0.0, 0.000127, -0.001146], [0.0, 0.0, 0.0, 0.0, -0.001146, 0.000376]], [[0.0, 0.0, 0.0, 0.0, 0.0, 0.0], [0.0, 0.0, 0.0, 0.0, 0.0, 0.0], [0.0, 0.0, 0.0, 0.0, 0.0, 0.0], [0.0, 0.0, 0.0, 0.0, 0.0, 0.0], [0.0, 0.0, 0.0, 0.0, 0.0, 0.0], [0.0, 0.0, 0.0, 0.0, 0.0, 0.0]], [[0.0, 0.0, 0.0, 0.0, 0.0, 0.0], [0.0, 0.0, 0.0, 0.0, 0.0, 0.0], [0.0, 0.0, 0.0, 0.0, 0.0, 0.0], [0.0, 0.0, 0.0, 0.0, 0.0, 0.0], [0.0, 0.0, 0.0, 0.0, 0.0, 0.0], [0.0, 0.0, 0.0, 0.0, 0.0, 0.0]]], [[[0.0, 0.0, 0.0, 0.0, 0.0, 0.0], [0.0, 0.0, 0.0, 0.0, 0.0, 0.0], [0.0, 0.0, 0.0, 0.0, 0.0, 0.0], [0.0, 0.0, 0.0, 0.0, 0.0, 0.0], [0.0, 0.0, 0.0, 0.0, 0.0, 0.0], [0.0, 0.0, 0.0, 0.0, 0.0, 0.0]], [[0.0, 0.0, 0.0, 0.0, 0.0, 0.0], [0.0, 0.0, 0.0, 0.0, 0.0, 0.0], [0.0, 0.0, 0.0, 0.0, 0.0, 0.0], [0.0, 0.0, 0.0, 0.0, 0.0, 0.0], [0.0, 0.0, 0.0, 0.0, 0.0, 0.0], [0.0, 0.0, 0.0, 0.0, 0.0, 0.0]], [[0.0, 0.0, 0.0, 0.0, 0.0, 0.0], [0.0, 0.0, 0.0, 0.0, 0.0, 0.0], [0.0, 0.0, 0.0, 0.0, 0.0, 0.0], [0.0, 0.0, 0.0, 0.0, 0.0, 0.0], [0.0, 0.0, 0.0, 0.0, 0.0, 0.0], [0.0, 0.0, 0.0, 0.0, 0.0, 0.0]], [[0.0, 0.0, 0.0, 0.0, 0.0, 0.0], [0.0, 0.0, 0.0, 0.0, 0.0, 0.0], [0.0, 0.0, 0.0, 0.0, 0.0, 0.0], [0.0, 0.0, 0.0, 0.0, 0.0, 0.0], [0.0, 0.0, 0.0, 0.0, 0.0, 0.0], [0.0, 0.0, 0.0, 0.0, 0.0, 0.0]], [[0.0, 0.0, 0.0, 0.0, 0.0, 0.0], [0.0, 0.0, 0.0, 0.0, 0.0, 0.0], [0.0, 0.0, 0.0, 0.0, 0.0, 0.0], [0.0, 0.0, 0.0, 0.0, 0.0, 0.0], [0.0, 0.0, 0.0, 0.0, 0.0, 0.0], [0.0, 0.0, 0.0, 0.0, 0.0, 0.0]], [[0.0, 0.0, 0.0, 0.0, 0.0, 0.0], [0.0, 0.0, 0.0, 0.0, 0.0, 0.0], [0.0, 0.0, 0.0, 0.0, 0.0, 0.0], [0.0, 0.0, 0.0, 0.0, 0.0, 0.0], [0.0, 0.0, 0.0, 0.0, 0.0, 0.0], [0.0, 0.0, 0.0, 0.0, 0.0, 0.0]], [[0.0, 0.0, 0.0, 0.0, 0.0, 0.0], [0.0, 0.0, 0.0, 0.0, 0.0, 0.0], [0.0, 0.0, 0.0, 0.0, 0.0, 0.0], [0.0, 0.0, 0.0, 0.0, 0.0, 0.0], [0.0, 0.0, 0.0, 0.0, 0.0, 0.0], [0.0, 0.0, 0.0, 0.0, 0.0, 0.0]], [[0.0, 0.0, 0.0, 0.0, 0.0, 0.0], [0.0, 0.0, 0.0, 0.0, 0.0, 0.0], [0.0, 0.0, 0.0, 0.0, 0.0, 0.0], [0.0, 0.0, 0.0, 0.0, 0.0, 0.0], [0.0, 0.0, 0.0, 0.0, 0.0, 0.0], [0.0, 0.0, 0.0, 0.0, 0.0, 0.0]], [[0.0, 0.0, 0.0, 0.0, 0.0, 0.0], [0.0, 0.0, 0.0, 0.0, 0.0, 0.0], [0.0, 0.0, 0.0, 0.0, 0.0, 0.0], [0.0, 0.0, 0.0, 0.0, 0.0, 0.0], [0.0, 0.0, 0.0, 0.0, 0.0, 0.0], [0.0, 0.0, 0.0, 0.0, 0.0, 0.0]], [[-0.101708, -0.038826, -0.037199, 0.007803, 0.0, 0.0], [-0.038826, -0.087675, -0.027693, -0.010058, 0.0, 0.0], [-0.037199, -0.027693, -0.017889, -0.001087, 0.0, 0.0], [0.007803, -0.010058, -0.001087, 0.006593, 0.0, 0.0], [0.0, 0.0, 0.0, 0.0, -0.001289, -0.001306], [0.0, 0.0, 0.0, 0.0, -0.001306, 0.030921]], [[0.038271, 0.026892, 0.011242, 0.000507, 0.0, 0.0], [0.026892, 0.044708, 0.034823, 0.016938, 0.0, 0.0], [0.011242, 0.034823, -0.010499, 0.003424, 0.0, 0.0], [0.000507, 0.016938, 0.003424, -0.010177, 0.0, 0.0], [0.0, 0.0, 0.0, 0.0, -0.030919, -0.018376], [0.0, 0.0, 0.0, 0.0, -0.018376, -0.023915]]], [[[0.0, 0.0, 0.0, 0.0, 0.0, 0.0], [0.0, 0.0, 0.0, 0.0, 0.0, 0.0], [0.0, 0.0, 0.0, 0.0, 0.0, 0.0], [0.0, 0.0, 0.0, 0.0, 0.0, 0.0], [0.0, 0.0, 0.0, 0.0, 0.0, 0.0], [0.0, 0.0, 0.0, 0.0, 0.0, 0.0]], [[0.0, 0.0, 0.0, 0.0, 0.0, 0.0], [0.0, 0.0, 0.0, 0.0, 0.0, 0.0], [0.0, 0.0, 0.0, 0.0, 0.0, 0.0], [0.0, 0.0, 0.0, 0.0, 0.0, 0.0], [0.0, 0.0, 0.0, 0.0, 0.0, 0.0], [0.0, 0.0, 0.0, 0.0, 0.0, 0.0]], [[0.0, 0.0, 0.0, 0.0, 0.0, 0.0], [0.0, 0.0, 0.0, 0.0, 0.0, 0.0], [0.0, 0.0, 0.0, 0.0, 0.0, 0.0], [0.0, 0.0, 0.0, 0.0, 0.0, 0.0], [0.0, 0.0, 0.0, 0.0, 0.0, 0.0], [0.0, 0.0, 0.0, 0.0, 0.0, 0.0]], [[0.0, 0.0, 0.0, 0.0, 0.0, 0.0], [0.0, 0.0, 0.0, 0.0, 0.0, 0.0], [0.0, 0.0, 0.0, 0.0, 0.0, 0.0], [0.0, 0.0, 0.0, 0.0, 0.0, 0.0], [0.0, 0.0, 0.0, 0.0, 0.0, 0.0], [0.0, 0.0, 0.0, 0.0, 0.0, 0.0]], [[0.0, 0.0, 0.0, 0.0, 0.0, 0.0], [0.0, 0.0, 0.0, 0.0, 0.0, 0.0], [0.0, 0.0, 0.0, 0.0, 0.0, 0.0], [0.0, 0.0, 0.0, 0.0, 0.0, 0.0], [0.0, 0.0, 0.0, 0.0, 0.0, 0.0], [0.0, 0.0, 0.0, 0.0, 0.0, 0.0]], [[0.0, 0.0, 0.0, 0.0, 0.0, 0.0], [0.0, 0.0, 0.0, 0.0, 0.0, 0.0], [0.0, 0.0, 0.0, 0.0, 0.0, 0.0], [0.0, 0.0, 0.0, 0.0, 0.0, 0.0], [0.0, 0.0, 0.0, 0.0, 0.0, 0.0], [0.0, 0.0, 0.0, 0.0, 0.0, 0.0]], [[0.0, 0.0, 0.0, 0.0, 0.0, 0.0], [0.0, 0.0, 0.0, 0.0, 0.0, 0.0], [0.0, 0.0, 0.0, 0.0, 0.0, 0.0], [0.0, 0.0, 0.0, 0.0, 0.0, 0.0], [0.0, 0.0, 0.0, 0.0, 0.0, 0.0], [0.0, 0.0, 0.0, 0.0, 0.0, 0.0]], [[0.0, 0.0, 0.0, 0.0, 0.0, 0.0], [0.0, 0.0, 0.0, 0.0, 0.0, 0.0], [0.0, 0.0, 0.0, 0.0, 0.0, 0.0], [0.0, 0.0, 0.0, 0.0, 0.0, 0.0], [0.0, 0.0, 0.0, 0.0, 0.0, 0.0], [0.0, 0.0, 0.0, 0.0, 0.0, 0.0]], [[0.0, 0.0, 0.0, 0.0, 0.0, 0.0], [0.0, 0.0, 0.0, 0.0, 0.0, 0.0], [0.0, 0.0, 0.0, 0.0, 0.0, 0.0], [0.0, 0.0, 0.0, 0.0, 0.0, 0.0], [0.0, 0.0, 0.0, 0.0, 0.0, 0.0], [0.0, 0.0, 0.0, 0.0, 0.0, 0.0]], [[0.038271, 0.026892, 0.011242, 0.000507, 0.0, 0.0], [0.026892, 0.044708, 0.034823, 0.016938, 0.0, 0.0], [0.011242, 0.034823, -0.010499, 0.003424, 0.0, 0.0], [0.000507, 0.016938, 0.003424, -0.010177, 0.0, 0.0], [0.0, 0.0, 0.0, 0.0, -0.030919, -0.018376], [0.0, 0.0, 0.0, 0.0, -0.018376, -0.023915]], [[-0.004196, 0.019359, 0.011284, 0.00811, 0.0, 0.0], [0.019359, -0.0624, -0.036264, -0.031529, 0.0, 0.0], [0.011284, -0.036264, -0.0093, -0.023511, 0.0, 0.0], [0.00811, -0.031529, -0.023511, -0.000857, 0.0, 0.0], [0.0, 0.0, 0.0, 0.0, 0.024925, 0.002466], [0.0, 0.0, 0.0, 0.0, 0.002466, 0.025934]]]]}