{"number of modes": 9, "number of surfaces": 6, "energies": [[17.214483, 0.0, 0.0, 0.0, 0.0, 0.0], [0.0, 16.32636, 0.0, 0.0, 0.0, 0.0], [0.0, 0.0, 13.956898, 0.0, 0.0, 0.0], [0.0, 0.0, 0.0, 10.403884, 0.0, 0.0], [0.0, 0.0, 0.0, 0.0, 15.015798, 0.0], [0.0, 0.0, 0.0, 0.0, 0.0, 11.51687]], "frequencies": [0.080136, 0.14285, 0.166808, 0.179306, 0.228384, 0.389797, 0.474292, 0.082596, 0.132271], "electronic transition dipole moments": [["(0.1+0j)", "(0.1+0j)", "(0.1+0j)", "(0.1+0j)", "(0.1+0j)", "(0.1+0j)"]], "magnetic transition dipole moments": [["(0.1+0j)", "(0.1+0j)", "(0.1+0j)", "(0.1+0j)", "(0.1+0j)", "(0.1+0j)"]], "linear couplings": [[[-0.06251, 0.025862, 0.105279, 0.017628, 0.0, 0.0], [0.025862, -0.027421, 0.061381, -0.142834, 0.0, 0.0], [0.105279, 0.061381, -0.062413, -0.209254, 0.0, 0.0], [0.017628, -0.142834, -0.209254, 0.01983, 0.0, 0.0], [0.0, 0.0, 0.0, 0.0, -0.078855, 0.019597], [0.0, 0.0, 0.0, 0.0, 0.019597, 0.078255]], [[-0.223979, 0.076728, -0.154322, 0.188741, 0.0, 0.0], [0.076728, 0.040818, 0.031619, -0.039209, 0.0, 0.0], [-0.154322, 0.031619, 0.207935, 0.123183, 0.0, 0.0], [0.188741, -0.039209, 0.123183, 0.112404, 0.0, 0.0], [0.0, 0.0, 0.0, 0.0, -0.251426, 0.26946], [0.0, 0.0, 0.0, 0.0, 0.26946, -0.001215]], [[-0.081773, -0.073406, 0.208077, -0.030372, 0.0, 0.0], [-0.073406, 0.287326, -0.3174, 0.015506, 0.0, 0.0], [0.208077, -0.3174, 0.204215, -0.227228, 0.0, 0.0], [-0.030372, 0.015506, -0.227228, -0.006442, 0.0, 0.0], [0.0, 0.0, 0.0, 0.0, 0.192356, -0.217886], [0.0, 0.0, 0.0, 0.0, -0.217886, 0.085733]], [[-0.348729, -0.073316, 0.06462, 0.009916, 0.0, 0.0], [-0.073316, 0.078448, 0.008868, 0.128186, 0.0, 0.0], [0.06462, 0.008868, 0.124, 0.132291, 0.0, 0.0], [0.009916, 0.128186, 0.132291, 0.112002, 0.0, 0.0], [0.0, 0.0, 0.0, 0.0, -0.050743, -0.01314], [0.0, 0.0, 0.0, 0.0, -0.01314, -0.017741]], [[0.128732, 0.063778, -0.077151, -0.463478, 0.0, 0.0], [0.063778, -0.079252, -0.245857, 0.077795, 0.0, 0.0], [-0.077151, -0.245857, -0.224252, -0.044559, 0.0, 0.0], [-0.463478, 0.077795, -0.044559, -0.225858, 0.0, 0.0], [0.0, 0.0, 0.0, 0.0, -0.153834, -0.46568], [0.0, 0.0, 0.0, 0.0, -0.46568, -0.200826]], [[0.392963, 0.022421, -0.246278, -0.16117, 0.0, 0.0], [0.022421, -0.037326, -0.010948, 0.026754, 0.0, 0.0], [-0.246278, -0.010948, 0.081926, 0.121995, 0.0, 0.0], [-0.16117, 0.026754, 0.121995, 0.017715, 0.0, 0.0], [0.0, 0.0, 0.0, 0.0, -0.035403, -0.010195], [0.0, 0.0, 0.0, 0.0, -0.010195, -0.039493]], [[0.222693, 0.077011, -0.111354, -0.00495, 0.0, 0.0], [0.077011, 0.145548, -0.096225, 0.00806, 0.0, 0.0], [-0.111354, -0.096225, 0.167377, -0.062227, 0.0, 0.0], [-0.00495, 0.00806, -0.062227, 0.068024, 0.0, 0.0], [0.0, 0.0, 0.0, 0.0, 0.119778, -0.058543], [0.0, 0.0, 0.0, 0.0, -0.058543, 0.138198]], [[0.0, 0.0, 0.0, 0.0, 0.271224, -0.016124], [0.0, 0.0, 0.0, 0.0, 0.217721, -0.222656], [0.0, 0.0, 0.0, 0.0, -0.303634, 0.316642], [0.0, 0.0, 0.0, 0.0, -0.250113, -0.029607], [0.271224, 0.217721, -0.303634, -0.250113, 0.0, 0.0], [-0.016124, -0.222656, 0.316642, -0.029607, 0.0, 0.0]], [[0.0, 0.0, 0.0, 0.0, -0.191938, 0.15272], [0.0, 0.0, 0.0, 0.0, 0.012656, 0.188325], [0.0, 0.0, 0.0, 0.0, 0.106765, 0.070467], [0.0, 0.0, 0.0, 0.0, 0.053069, -0.015647], [-0.191938, 0.012656, 0.106765, 0.053069, 0.0, 0.0], [0.15272, 0.188325, 0.070467, -0.015647, 0.0, 0.0]]], "quadratic couplings": [[[[-0.022616, -0.002804, 0.002135, -0.002858, 0.0, 0.0], [-0.002804, -0.01373, 0.002638, -0.006186, 0.0, 0.0], [0.002135, 0.002638, -0.014996, 0.01395, 0.0, 0.0], [-0.002858, -0.006186, 0.01395, 0.002443, 0.0, 0.0], [0.0, 0.0, 0.0, 0.0, -0.011224, 0.003324], [0.0, 0.0, 0.0, 0.0, 0.003324, -0.014655]], [[0.060617, 0.022343, -0.02974, -0.004488, 0.0, 0.0], [0.022343, 0.007785, -0.007026, 0.001466, 0.0, 0.0], [-0.02974, -0.007026, 0.014522, 0.006774, 0.0, 0.0], [-0.004488, 0.001466, 0.006774, -0.008666, 0.0, 0.0], [0.0, 0.0, 0.0, 0.0, 0.018569, -0.007469], [0.0, 0.0, 0.0, 0.0, -0.007469, 0.008342]], [[0.012509, 0.017473, -0.032355, 0.007338, 0.0, 0.0], [0.017473, 0.003694, -0.029045, 0.005477, 0.0, 0.0], [-0.032355, -0.029045, 0.022112, -0.008075, 0.0, 0.0], [0.007338, 0.005477, -0.008075, -0.017598, 0.0, 0.0], [0.0, 0.0, 0.0, 0.0, -0.004937, -0.015428], [0.0, 0.0, 0.0, 0.0, -0.015428, 0.00446]], [[0.001756, 0.003385, -0.011163, 0.004102, 0.0, 0.0], [0.003385, 0.010075, 0.000589, 0.005573, 0.0, 0.0], [-0.011163, 0.000589, 0.016755, -0.004008, 0.0, 0.0], [0.004102, 0.005573, -0.004008, -0.017178, 0.0, 0.0], [0.0, 0.0, 0.0, 0.0, 0.005258, -0.002549], [0.0, 0.0, 0.0, 0.0, -0.002549, 0.004101]], [[-0.014973, -0.013661, 0.004338, -0.008393, 0.0, 0.0], [-0.013661, -0.001143, 0.002898, 0.001967, 0.0, 0.0], [0.004338, 0.002898, 0.001117, 0.004789, 0.0, 0.0], [-0.008393, 0.001967, 0.004789, 0.004247, 0.0, 0.0], [0.0, 0.0, 0.0, 0.0, 0.0021, 0.000271], [0.0, 0.0, 0.0, 0.0, 0.000271, -0.003257]], [[0.022036, -0.006794, 0.003554, -0.006809, 0.0, 0.0], [-0.006794, -0.001214, 0.00452, 0.000178, 0.0, 0.0], [0.003554, 0.00452, -0.006213, -0.001232, 0.0, 0.0], [-0.006809, 0.000178, -0.001232, -0.003822, 0.0, 0.0], [0.0, 0.0, 0.0, 0.0, 0.000152, 0.0], [0.0, 0.0, 0.0, 0.0, 0.0, -0.001593]], [[0.002505, 0.000779, 0.003634, -0.012232, 0.0, 0.0], [0.000779, -0.016825, 0.016082, -0.005581, 0.0, 0.0], [0.003634, 0.016082, -0.029959, 0.011078, 0.0, 0.0], [-0.012232, -0.005581, 0.011078, -0.000255, 0.0, 0.0], [0.0, 0.0, 0.0, 0.0, -0.006134, 0.000364], [0.0, 0.0, 0.0, 0.0, 0.000364, -0.003997]], [[0.0, 0.0, 0.0, 0.0, 0.0, 0.0], [0.0, 0.0, 0.0, 0.0, 0.0, 0.0], [0.0, 0.0, 0.0, 0.0, 0.0, 0.0], [0.0, 0.0, 0.0, 0.0, 0.0, 0.0], [0.0, 0.0, 0.0, 0.0, 0.0, 0.0], [0.0, 0.0, 0.0, 0.0, 0.0, 0.0]], [[0.0, 0.0, 0.0, 0.0, 0.0, 0.0], [0.0, 0.0, 0.0, 0.0, 0.0, 0.0], [0.0, 0.0, 0.0, 0.0, 0.0, 0.0], [0.0, 0.0, 0.0, 0.0, 0.0, 0.0], [0.0, 0.0, 0.0, 0.0, 0.0, 0.0], [0.0, 0.0, 0.0, 0.0, 0.0, 0.0]]], [[[0.060617, 0.022343, -0.02974, -0.004488, 0.0, 0.0], [0.022343, 0.007785, -0.007026, 0.001466, 0.0, 0.0], [-0.02974, -0.007026, 0.014522, 0.006774, 0.0, 0.0], [-0.004488, 0.001466, 0.006774, -0.008666, 0.0, 0.0], [0.0, 0.0, 0.0, 0.0, 0.018569, -0.007469], [0.0, 0.0, 0.0, 0.0, -0.007469, 0.008342]], [[-0.046441, -0.033893, 0.028973, 0.002466, 0.0, 0.0], [-0.033893, -0.00885, 0.003213, 0.010153, 0.0, 0.0], [0.028973, 0.003213, -0.019076, -0.007005, 0.0, 0.0], [0.002466, 0.010153, -0.007005, -0.001752, 0.0, 0.0], [0.0, 0.0, 0.0, 0.0, 0.00613, -0.009156], [0.0, 0.0, 0.0, 0.0, -0.009156, -0.006243]], [[-0.026615, -0.021468, 0.028288, -0.002829, 0.0, 0.0], [-0.021468, -0.01245, 0.02138, -0.007284, 0.0, 0.0], [0.028288, 0.02138, -0.02657, 0.008206, 0.0, 0.0], [-0.002829, -0.007284, 0.008206, 0.002553, 0.0, 0.0], [0.0, 0.0, 0.0, 0.0, -0.020991, 0.024546], [0.0, 0.0, 0.0, 0.0, 0.024546, -0.014695]], [[-0.002362, -7.5e-05, -0.000679, -0.006486, 0.0, 0.0], [-7.5e-05, -0.007212, 0.007038, -0.008069, 0.0, 0.0], [-0.000679, 0.007038, -0.009306, 0.011735, 0.0, 0.0], [-0.006486, -0.008069, 0.011735, 0.00212, 0.0, 0.0], [0.0, 0.0, 0.0, 0.0, -0.004969, 0.005966], [0.0, 0.0, 0.0, 0.0, 0.005966, -0.012364]], [[0.027635, 0.016192, -0.002814, 0.010355, 0.0, 0.0], [0.016192, -0.002038, -0.002215, -0.002074, 0.0, 0.0], [-0.002814, -0.002215, 0.012942, -0.009356, 0.0, 0.0], [0.010355, -0.002074, -0.009356, -0.005663, 0.0, 0.0], [0.0, 0.0, 0.0, 0.0, -0.002512, 0.009931], [0.0, 0.0, 0.0, 0.0, 0.009931, 0.007554]], [[-0.066716, -0.01443, 0.017549, 0.021052, 0.0, 0.0], [-0.01443, 0.002731, 0.005919, 0.002239, 0.0, 0.0], [0.017549, 0.005919, 0.003044, -0.006693, 0.0, 0.0], [0.021052, 0.002239, -0.006693, 0.000759, 0.0, 0.0], [0.0, 0.0, 0.0, 0.0, 0.006034, -0.000514], [0.0, 0.0, 0.0, 0.0, -0.000514, 0.005862]], [[0.001175, 0.012672, -0.008006, 0.008364, 0.0, 0.0], [0.012672, 0.022809, -0.023368, 0.006297, 0.0, 0.0], [-0.008006, -0.023368, 0.02809, -0.010192, 0.0, 0.0], [0.008364, 0.006297, -0.010192, 0.000365, 0.0, 0.0], [0.0, 0.0, 0.0, 0.0, 0.000241, 0.00092], [0.0, 0.0, 0.0, 0.0, 0.00092, -0.00169]], [[0.0, 0.0, 0.0, 0.0, 0.0, 0.0], [0.0, 0.0, 0.0, 0.0, 0.0, 0.0], [0.0, 0.0, 0.0, 0.0, 0.0, 0.0], [0.0, 0.0, 0.0, 0.0, 0.0, 0.0], [0.0, 0.0, 0.0, 0.0, 0.0, 0.0], [0.0, 0.0, 0.0, 0.0, 0.0, 0.0]], [[0.0, 0.0, 0.0, 0.0, 0.0, 0.0], [0.0, 0.0, 0.0, 0.0, 0.0, 0.0], [0.0, 0.0, 0.0, 0.0, 0.0, 0.0], [0.0, 0.0, 0.0, 0.0, 0.0, 0.0], [0.0, 0.0, 0.0, 0.0, 0.0, 0.0], [0.0, 0.0, 0.0, 0.0, 0.0, 0.0]]], [[[0.012509, 0.017473, -0.032355, 0.007338, 0.0, 0.0], [0.017473, 0.003694, -0.029045, 0.005477, 0.0, 0.0], [-0.032355, -0.029045, 0.022112, -0.008075, 0.0, 0.0], [0.007338, 0.005477, -0.008075, -0.017598, 0.0, 0.0], [0.0, 0.0, 0.0, 0.0, -0.004937, -0.015428], [0.0, 0.0, 0.0, 0.0, -0.015428, 0.00446]], [[-0.026615, -0.021468, 0.028288, -0.002829, 0.0, 0.0], [-0.021468, -0.01245, 0.02138, -0.007284, 0.0, 0.0], [0.028288, 0.02138, -0.02657, 0.008206, 0.0, 0.0], [-0.002829, -0.007284, 0.008206, 0.002553, 0.0, 0.0], [0.0, 0.0, 0.0, 0.0, -0.020991, 0.024546], [0.0, 0.0, 0.0, 0.0, 0.024546, -0.014695]], [[-0.029892, -0.014136, 0.027495, 0.000686, 0.0, 0.0], [-0.014136, -0.004363, 0.015506, -0.004457, 0.0, 0.0], [0.027495, 0.015506, -0.023443, 0.003838, 0.0, 0.0], [0.000686, -0.004457, 0.003838, 0.003815, 0.0, 0.0], [0.0, 0.0, 0.0, 0.0, -0.002689, 0.008401], [0.0, 0.0, 0.0, 0.0, 0.008401, -0.010216]], [[0.008177, -0.007853, -0.012217, -0.019948, 0.0, 0.0], [-0.007853, -0.004625, 0.008563, -0.005568, 0.0, 0.0], [-0.012217, 0.008563, 0.012671, 0.021128, 0.0, 0.0], [-0.019948, -0.005568, 0.021128, 0.006712, 0.0, 0.0], [0.0, 0.0, 0.0, 0.0, -0.0035, 0.008165], [0.0, 0.0, 0.0, 0.0, 0.008165, -0.00591]], [[0.015211, 0.002467, 0.00146, 0.008606, 0.0, 0.0], [0.002467, 0.010057, -0.00283, -0.003355, 0.0, 0.0], [0.00146, -0.00283, -0.006881, 0.002331, 0.0, 0.0], [0.008606, -0.003355, 0.002331, 0.002008, 0.0, 0.0], [0.0, 0.0, 0.0, 0.0, 0.011836, -0.004897], [0.0, 0.0, 0.0, 0.0, -0.004897, 0.00461]], [[0.007428, 0.017758, -0.003286, -0.001104, 0.0, 0.0], [0.017758, -0.003526, -0.009792, -0.004431, 0.0, 0.0], [-0.003286, -0.009792, -0.00672, -0.002663, 0.0, 0.0], [-0.001104, -0.004431, -0.002663, -0.007305, 0.0, 0.0], [0.0, 0.0, 0.0, 0.0, -0.004008, -0.001209], [0.0, 0.0, 0.0, 0.0, -0.001209, -0.003389]], [[-0.017585, -0.015932, 0.010381, 0.015345, 0.0, 0.0], [-0.015932, 0.017345, -0.018253, 0.010454, 0.0, 0.0], [0.010381, -0.018253, 0.018571, -0.016358, 0.0, 0.0], [0.015345, 0.010454, -0.016358, 0.002397, 0.0, 0.0], [0.0, 0.0, 0.0, 0.0, 0.006375, -0.003869], [0.0, 0.0, 0.0, 0.0, -0.003869, 0.001278]], [[0.0, 0.0, 0.0, 0.0, 0.0, 0.0], [0.0, 0.0, 0.0, 0.0, 0.0, 0.0], [0.0, 0.0, 0.0, 0.0, 0.0, 0.0], [0.0, 0.0, 0.0, 0.0, 0.0, 0.0], [0.0, 0.0, 0.0, 0.0, 0.0, 0.0], [0.0, 0.0, 0.0, 0.0, 0.0, 0.0]], [[0.0, 0.0, 0.0, 0.0, 0.0, 0.0], [0.0, 0.0, 0.0, 0.0, 0.0, 0.0], [0.0, 0.0, 0.0, 0.0, 0.0, 0.0], [0.0, 0.0, 0.0, 0.0, 0.0, 0.0], [0.0, 0.0, 0.0, 0.0, 0.0, 0.0], [0.0, 0.0, 0.0, 0.0, 0.0, 0.0]]], [[[0.001756, 0.003385, -0.011163, 0.004102, 0.0, 0.0], [0.003385, 0.010075, 0.000589, 0.005573, 0.0, 0.0], [-0.011163, 0.000589, 0.016755, -0.004008, 0.0, 0.0], [0.004102, 0.005573, -0.004008, -0.017178, 0.0, 0.0], [0.0, 0.0, 0.0, 0.0, 0.005258, -0.002549], [0.0, 0.0, 0.0, 0.0, -0.002549, 0.004101]], [[-0.002362, -7.5e-05, -0.000679, -0.006486, 0.0, 0.0], [-7.5e-05, -0.007212, 0.007038, -0.008069, 0.0, 0.0], [-0.000679, 0.007038, -0.009306, 0.011735, 0.0, 0.0], [-0.006486, -0.008069, 0.011735, 0.00212, 0.0, 0.0], [0.0, 0.0, 0.0, 0.0, -0.004969, 0.005966], [0.0, 0.0, 0.0, 0.0, 0.005966, -0.012364]], [[0.008177, -0.007853, -0.012217, -0.019948, 0.0, 0.0], [-0.007853, -0.004625, 0.008563, -0.005568, 0.0, 0.0], [-0.012217, 0.008563, 0.012671, 0.021128, 0.0, 0.0], [-0.019948, -0.005568, 0.021128, 0.006712, 0.0, 0.0], [0.0, 0.0, 0.0, 0.0, -0.0035, 0.008165], [0.0, 0.0, 0.0, 0.0, 0.008165, -0.00591]], [[-0.052207, 0.001272, 0.037985, 0.03628, 0.0, 0.0], [0.001272, 0.007385, -3.4e-05, 0.001819, 0.0, 0.0], [0.037985, -3.4e-05, -0.022176, -0.022228, 0.0, 0.0], [0.03628, 0.001819, -0.022228, -0.007226, 0.0, 0.0], [0.0, 0.0, 0.0, 0.0, 0.00455, 0.00061], [0.0, 0.0, 0.0, 0.0, 0.00061, 0.00634]], [[0.053567, -0.000923, -0.022613, -0.014187, 0.0, 0.0], [-0.000923, -0.002499, 0.002717, 0.000852, 0.0, 0.0], [-0.022613, 0.002717, 0.020308, 0.003376, 0.0, 0.0], [-0.014187, 0.000852, 0.003376, 0.004516, 0.0, 0.0], [0.0, 0.0, 0.0, 0.0, 0.005454, 0.002836], [0.0, 0.0, 0.0, 0.0, 0.002836, 0.006157]], [[-0.075459, -0.011336, 0.017977, 0.013454, 0.0, 0.0], [-0.011336, 0.000345, 0.011846, 0.007513, 0.0, 0.0], [0.017977, 0.011846, 0.006458, 0.010363, 0.0, 0.0], [0.013454, 0.007513, 0.010363, 0.009953, 0.0, 0.0], [0.0, 0.0, 0.0, 0.0, -0.000428, 0.002864], [0.0, 0.0, 0.0, 0.0, 0.002864, -0.001973]], [[-0.001857, -0.008035, -0.000525, 0.003233, 0.0, 0.0], [-0.008035, -0.00033, -0.002607, 0.003432, 0.0, 0.0], [-0.000525, -0.002607, 0.010105, -0.002896, 0.0, 0.0], [0.003233, 0.003432, -0.002896, -0.005707, 0.0, 0.0], [0.0, 0.0, 0.0, 0.0, -0.001683, 0.000589], [0.0, 0.0, 0.0, 0.0, 0.000589, -0.003384]], [[0.0, 0.0, 0.0, 0.0, 0.0, 0.0], [0.0, 0.0, 0.0, 0.0, 0.0, 0.0], [0.0, 0.0, 0.0, 0.0, 0.0, 0.0], [0.0, 0.0, 0.0, 0.0, 0.0, 0.0], [0.0, 0.0, 0.0, 0.0, 0.0, 0.0], [0.0, 0.0, 0.0, 0.0, 0.0, 0.0]], [[0.0, 0.0, 0.0, 0.0, 0.0, 0.0], [0.0, 0.0, 0.0, 0.0, 0.0, 0.0], [0.0, 0.0, 0.0, 0.0, 0.0, 0.0], [0.0, 0.0, 0.0, 0.0, 0.0, 0.0], [0.0, 0.0, 0.0, 0.0, 0.0, 0.0], [0.0, 0.0, 0.0, 0.0, 0.0, 0.0]]], [[[-0.014973, -0.013661, 0.004338, -0.008393, 0.0, 0.0], [-0.013661, -0.001143, 0.002898, 0.001967, 0.0, 0.0], [0.004338, 0.002898, 0.001117, 0.004789, 0.0, 0.0], [-0.008393, 0.001967, 0.004789, 0.004247, 0.0, 0.0], [0.0, 0.0, 0.0, 0.0, 0.0021, 0.000271], [0.0, 0.0, 0.0, 0.0, 0.000271, -0.003257]], [[0.027635, 0.016192, -0.002814, 0.010355, 0.0, 0.0], [0.016192, -0.002038, -0.002215, -0.002074, 0.0, 0.0], [-0.002814, -0.002215, 0.012942, -0.009356, 0.0, 0.0], [0.010355, -0.002074, -0.009356, -0.005663, 0.0, 0.0], [0.0, 0.0, 0.0, 0.0, -0.002512, 0.009931], [0.0, 0.0, 0.0, 0.0, 0.009931, 0.007554]], [[0.015211, 0.002467, 0.00146, 0.008606, 0.0, 0.0], [0.002467, 0.010057, -0.00283, -0.003355, 0.0, 0.0], [0.00146, -0.00283, -0.006881, 0.002331, 0.0, 0.0], [0.008606, -0.003355, 0.002331, 0.002008, 0.0, 0.0], [0.0, 0.0, 0.0, 0.0, 0.011836, -0.004897], [0.0, 0.0, 0.0, 0.0, -0.004897, 0.00461]], [[0.053567, -0.000923, -0.022613, -0.014187, 0.0, 0.0], [-0.000923, -0.002499, 0.002717, 0.000852, 0.0, 0.0], [-0.022613, 0.002717, 0.020308, 0.003376, 0.0, 0.0], [-0.014187, 0.000852, 0.003376, 0.004516, 0.0, 0.0], [0.0, 0.0, 0.0, 0.0, 0.005454, 0.002836], [0.0, 0.0, 0.0, 0.0, 0.002836, 0.006157]], [[-0.010401, -0.004492, 0.00371, 0.02099, 0.0, 0.0], [-0.004492, 0.004537, 0.003569, -0.004398, 0.0, 0.0], [0.00371, 0.003569, -0.005059, 0.003004, 0.0, 0.0], [0.02099, -0.004398, 0.003004, 0.009994, 0.0, 0.0], [0.0, 0.0, 0.0, 0.0, 0.012322, 0.015652], [0.0, 0.0, 0.0, 0.0, 0.015652, 0.007642]], [[0.062863, 0.009953, -0.011702, -0.001566, 0.0, 0.0], [0.009953, 0.005478, -0.001987, -0.001173, 0.0, 0.0], [-0.011702, -0.001987, 0.004629, -0.00407, 0.0, 0.0], [-0.001566, -0.001173, -0.00407, 0.009402, 0.0, 0.0], [0.0, 0.0, 0.0, 0.0, 0.007919, 0.004639], [0.0, 0.0, 0.0, 0.0, 0.004639, 0.008979]], [[-0.012492, -0.007391, 0.002915, -0.009101, 0.0, 0.0], [-0.007391, 0.003822, 0.002444, -0.009159, 0.0, 0.0], [0.002915, 0.002444, 0.002666, 0.011171, 0.0, 0.0], [-0.009101, -0.009159, 0.011171, 0.002607, 0.0, 0.0], [0.0, 0.0, 0.0, 0.0, 0.003788, 0.000317], [0.0, 0.0, 0.0, 0.0, 0.000317, 0.003889]], [[0.0, 0.0, 0.0, 0.0, 0.0, 0.0], [0.0, 0.0, 0.0, 0.0, 0.0, 0.0], [0.0, 0.0, 0.0, 0.0, 0.0, 0.0], [0.0, 0.0, 0.0, 0.0, 0.0, 0.0], [0.0, 0.0, 0.0, 0.0, 0.0, 0.0], [0.0, 0.0, 0.0, 0.0, 0.0, 0.0]], [[0.0, 0.0, 0.0, 0.0, 0.0, 0.0], [0.0, 0.0, 0.0, 0.0, 0.0, 0.0], [0.0, 0.0, 0.0, 0.0, 0.0, 0.0], [0.0, 0.0, 0.0, 0.0, 0.0, 0.0], [0.0, 0.0, 0.0, 0.0, 0.0, 0.0], [0.0, 0.0, 0.0, 0.0, 0.0, 0.0]]], [[[0.022036, -0.006794, 0.003554, -0.006809, 0.0, 0.0], [-0.006794, -0.001214, 0.00452, 0.000178, 0.0, 0.0], [0.003554, 0.00452, -0.006213, -0.001232, 0.0, 0.0], [-0.006809, 0.000178, -0.001232, -0.003822, 0.0, 0.0], [0.0, 0.0, 0.0, 0.0, 0.000152, 0.0], [0.0, 0.0, 0.0, 0.0, 0.0, -0.001593]], [[-0.066716, -0.01443, 0.017549, 0.021052, 0.0, 0.0], [-0.01443, 0.002731, 0.005919, 0.002239, 0.0, 0.0], [0.017549, 0.005919, 0.003044, -0.006693, 0.0, 0.0], [0.021052, 0.002239, -0.006693, 0.000759, 0.0, 0.0], [0.0, 0.0, 0.0, 0.0, 0.006034, -0.000514], [0.0, 0.0, 0.0, 0.0, -0.000514, 0.005862]], [[0.007428, 0.017758, -0.003286, -0.001104, 0.0, 0.0], [0.017758, -0.003526, -0.009792, -0.004431, 0.0, 0.0], [-0.003286, -0.009792, -0.00672, -0.002663, 0.0, 0.0], [-0.001104, -0.004431, -0.002663, -0.007305, 0.0, 0.0], [0.0, 0.0, 0.0, 0.0, -0.004008, -0.001209], [0.0, 0.0, 0.0, 0.0, -0.001209, -0.003389]], [[-0.075459, -0.011336, 0.017977, 0.013454, 0.0, 0.0], [-0.011336, 0.000345, 0.011846, 0.007513, 0.0, 0.0], [0.017977, 0.011846, 0.006458, 0.010363, 0.0, 0.0], [0.013454, 0.007513, 0.010363, 0.009953, 0.0, 0.0], [0.0, 0.0, 0.0, 0.0, -0.000428, 0.002864], [0.0, 0.0, 0.0, 0.0, 0.002864, -0.001973]], [[0.062863, 0.009953, -0.011702, -0.001566, 0.0, 0.0], [0.009953, 0.005478, -0.001987, -0.001173, 0.0, 0.0], [-0.011702, -0.001987, 0.004629, -0.00407, 0.0, 0.0], [-0.001566, -0.001173, -0.00407, 0.009402, 0.0, 0.0], [0.0, 0.0, 0.0, 0.0, 0.007919, 0.004639], [0.0, 0.0, 0.0, 0.0, 0.004639, 0.008979]], [[-0.01775, -0.003452, 0.009146, 0.009705, 0.0, 0.0], [-0.003452, 0.003864, 0.002102, 0.001362, 0.0, 0.0], [0.009146, 0.002102, 0.00259, -0.001494, 0.0, 0.0], [0.009705, 0.001362, -0.001494, 0.0043, 0.0, 0.0], [0.0, 0.0, 0.0, 0.0, 0.004561, 0.001371], [0.0, 0.0, 0.0, 0.0, 0.001371, 0.004582]], [[0.043524, 0.018702, -0.031746, -0.006146, 0.0, 0.0], [0.018702, 0.000232, -0.006178, -0.004204, 0.0, 0.0], [-0.031746, -0.006178, 0.017501, 0.003958, 0.0, 0.0], [-0.006146, -0.004204, 0.003958, -0.000679, 0.0, 0.0], [0.0, 0.0, 0.0, 0.0, 0.000219, 0.000825], [0.0, 0.0, 0.0, 0.0, 0.000825, 0.000493]], [[0.0, 0.0, 0.0, 0.0, 0.0, 0.0], [0.0, 0.0, 0.0, 0.0, 0.0, 0.0], [0.0, 0.0, 0.0, 0.0, 0.0, 0.0], [0.0, 0.0, 0.0, 0.0, 0.0, 0.0], [0.0, 0.0, 0.0, 0.0, 0.0, 0.0], [0.0, 0.0, 0.0, 0.0, 0.0, 0.0]], [[0.0, 0.0, 0.0, 0.0, 0.0, 0.0], [0.0, 0.0, 0.0, 0.0, 0.0, 0.0], [0.0, 0.0, 0.0, 0.0, 0.0, 0.0], [0.0, 0.0, 0.0, 0.0, 0.0, 0.0], [0.0, 0.0, 0.0, 0.0, 0.0, 0.0], [0.0, 0.0, 0.0, 0.0, 0.0, 0.0]]], [[[0.002505, 0.000779, 0.003634, -0.012232, 0.0, 0.0], [0.000779, -0.016825, 0.016082, -0.005581, 0.0, 0.0], [0.003634, 0.016082, -0.029959, 0.011078, 0.0, 0.0], [-0.012232, -0.005581, 0.011078, -0.000255, 0.0, 0.0], [0.0, 0.0, 0.0, 0.0, -0.006134, 0.000364], [0.0, 0.0, 0.0, 0.0, 0.000364, -0.003997]], [[0.001175, 0.012672, -0.008006, 0.008364, 0.0, 0.0], [0.012672, 0.022809, -0.023368, 0.006297, 0.0, 0.0], [-0.008006, -0.023368, 0.02809, -0.010192, 0.0, 0.0], [0.008364, 0.006297, -0.010192, 0.000365, 0.0, 0.0], [0.0, 0.0, 0.0, 0.0, 0.000241, 0.00092], [0.0, 0.0, 0.0, 0.0, 0.00092, -0.00169]], [[-0.017585, -0.015932, 0.010381, 0.015345, 0.0, 0.0], [-0.015932, 0.017345, -0.018253, 0.010454, 0.0, 0.0], [0.010381, -0.018253, 0.018571, -0.016358, 0.0, 0.0], [0.015345, 0.010454, -0.016358, 0.002397, 0.0, 0.0], [0.0, 0.0, 0.0, 0.0, 0.006375, -0.003869], [0.0, 0.0, 0.0, 0.0, -0.003869, 0.001278]], [[-0.001857, -0.008035, -0.000525, 0.003233, 0.0, 0.0], [-0.008035, -0.00033, -0.002607, 0.003432, 0.0, 0.0], [-0.000525, -0.002607, 0.010105, -0.002896, 0.0, 0.0], [0.003233, 0.003432, -0.002896, -0.005707, 0.0, 0.0], [0.0, 0.0, 0.0, 0.0, -0.001683, 0.000589], [0.0, 0.0, 0.0, 0.0, 0.000589, -0.003384]], [[-0.012492, -0.007391, 0.002915, -0.009101, 0.0, 0.0], [-0.007391, 0.003822, 0.002444, -0.009159, 0.0, 0.0], [0.002915, 0.002444, 0.002666, 0.011171, 0.0, 0.0], [-0.009101, -0.009159, 0.011171, 0.002607, 0.0, 0.0], [0.0, 0.0, 0.0, 0.0, 0.003788, 0.000317], [0.0, 0.0, 0.0, 0.0, 0.000317, 0.003889]], [[0.043524, 0.018702, -0.031746, -0.006146, 0.0, 0.0], [0.018702, 0.000232, -0.006178, -0.004204, 0.0, 0.0], [-0.031746, -0.006178, 0.017501, 0.003958, 0.0, 0.0], [-0.006146, -0.004204, 0.003958, -0.000679, 0.0, 0.0], [0.0, 0.0, 0.0, 0.0, 0.000219, 0.000825], [0.0, 0.0, 0.0, 0.0, 0.000825, 0.000493]], [[-0.012974, -0.005514, 0.005201, -0.001576, 0.0, 0.0], [-0.005514, -0.002171, 0.002838, -0.00143, 0.0, 0.0], [0.005201, 0.002838, 0.000676, 0.000331, 0.0, 0.0], [-0.001576, -0.00143, 0.000331, 0.002096, 0.0, 0.0], [0.0, 0.0, 0.0, 0.0, 0.000888, -0.000246], [0.0, 0.0, 0.0, 0.0, -0.000246, 0.00241]], [[0.0, 0.0, 0.0, 0.0, 0.0, 0.0], [0.0, 0.0, 0.0, 0.0, 0.0, 0.0], [0.0, 0.0, 0.0, 0.0, 0.0, 0.0], [0.0, 0.0, 0.0, 0.0, 0.0, 0.0], [0.0, 0.0, 0.0, 0.0, 0.0, 0.0], [0.0, 0.0, 0.0, 0.0, 0.0, 0.0]], [[0.0, 0.0, 0.0, 0.0, 0.0, 0.0], [0.0, 0.0, 0.0, 0.0, 0.0, 0.0], [0.0, 0.0, 0.0, 0.0, 0.0, 0.0], [0.0, 0.0, 0.0, 0.0, 0.0, 0.0], [0.0, 0.0, 0.0, 0.0, 0.0, 0.0], [0.0, 0.0, 0.0, 0.0, 0.0, 0.0]]], [[[0.0, 0.0, 0.0, 0.0, 0.0, 0.0], [0.0, 0.0, 0.0, 0.0, 0.0, 0.0], [0.0, 0.0, 0.0, 0.0, 0.0, 0.0], [0.0, 0.0, 0.0, 0.0, 0.0, 0.0], [0.0, 0.0, 0.0, 0.0, 0.0, 0.0], [0.0, 0.0, 0.0, 0.0, 0.0, 0.0]], [[0.0, 0.0, 0.0, 0.0, 0.0, 0.0], [0.0, 0.0, 0.0, 0.0, 0.0, 0.0], [0.0, 0.0, 0.0, 0.0, 0.0, 0.0], [0.0, 0.0, 0.0, 0.0, 0.0, 0.0], [0.0, 0.0, 0.0, 0.0, 0.0, 0.0], [0.0, 0.0, 0.0, 0.0, 0.0, 0.0]], [[0.0, 0.0, 0.0, 0.0, 0.0, 0.0], [0.0, 0.0, 0.0, 0.0, 0.0, 0.0], [0.0, 0.0, 0.0, 0.0, 0.0, 0.0], [0.0, 0.0, 0.0, 0.0, 0.0, 0.0], [0.0, 0.0, 0.0, 0.0, 0.0, 0.0], [0.0, 0.0, 0.0, 0.0, 0.0, 0.0]], [[0.0, 0.0, 0.0, 0.0, 0.0, 0.0], [0.0, 0.0, 0.0, 0.0, 0.0, 0.0], [0.0, 0.0, 0.0, 0.0, 0.0, 0.0], [0.0, 0.0, 0.0, 0.0, 0.0, 0.0], [0.0, 0.0, 0.0, 0.0, 0.0, 0.0], [0.0, 0.0, 0.0, 0.0, 0.0, 0.0]], [[0.0, 0.0, 0.0, 0.0, 0.0, 0.0], [0.0, 0.0, 0.0, 0.0, 0.0, 0.0], [0.0, 0.0, 0.0, 0.0, 0.0, 0.0], [0.0, 0.0, 0.0, 0.0, 0.0, 0.0], [0.0, 0.0, 0.0, 0.0, 0.0, 0.0], [0.0, 0.0, 0.0, 0.0, 0.0, 0.0]], [[0.0, 0.0, 0.0, 0.0, 0.0, 0.0], [0.0, 0.0, 0.0, 0.0, 0.0, 0.0], [0.0, 0.0, 0.0, 0.0, 0.0, 0.0], [0.0, 0.0, 0.0, 0.0, 0.0, 0.0], [0.0, 0.0, 0.0, 0.0, 0.0, 0.0], [0.0, 0.0, 0.0, 0.0, 0.0, 0.0]], [[0.0, 0.0, 0.0, 0.0, 0.0, 0.0], [0.0, 0.0, 0.0, 0.0, 0.0, 0.0], [0.0, 0.0, 0.0, 0.0, 0.0, 0.0], [0.0, 0.0, 0.0, 0.0, 0.0, 0.0], [0.0, 0.0, 0.0, 0.0, 0.0, 0.0], [0.0, 0.0, 0.0, 0.0, 0.0, 0.0]], [[-0.08077, -0.033464, 0.046261, 0.001889, 0.0, 0.0], [-0.033464, -0.0526, 0.061318, -0.017742, 0.0, 0.0], [0.046261, 0.061318, -0.083415, 0.018986, 0.0, 0.0], [0.001889, -0.017742, 0.018986, 0.002985, 0.0, 0.0], [0.0, 0.0, 0.0, 0.0, -0.00681, -0.010391], [0.0, 0.0, 0.0, 0.0, -0.010391, 0.027666]], [[0.013566, 0.008393, -0.034622, 0.000387, 0.0, 0.0], [0.008393, 0.027279, -0.034155, 0.004294, 0.0, 0.0], [-0.034622, -0.034155, 0.03665, -0.003367, 0.0, 0.0], [0.000387, 0.004294, -0.003367, -0.005364, 0.0, 0.0], [0.0, 0.0, 0.0, 0.0, -0.032369, 0.010057], [0.0, 0.0, 0.0, 0.0, 0.010057, -0.01765]]], [[[0.0, 0.0, 0.0, 0.0, 0.0, 0.0], [0.0, 0.0, 0.0, 0.0, 0.0, 0.0], [0.0, 0.0, 0.0, 0.0, 0.0, 0.0], [0.0, 0.0, 0.0, 0.0, 0.0, 0.0], [0.0, 0.0, 0.0, 0.0, 0.0, 0.0], [0.0, 0.0, 0.0, 0.0, 0.0, 0.0]], [[0.0, 0.0, 0.0, 0.0, 0.0, 0.0], [0.0, 0.0, 0.0, 0.0, 0.0, 0.0], [0.0, 0.0, 0.0, 0.0, 0.0, 0.0], [0.0, 0.0, 0.0, 0.0, 0.0, 0.0], [0.0, 0.0, 0.0, 0.0, 0.0, 0.0], [0.0, 0.0, 0.0, 0.0, 0.0, 0.0]], [[0.0, 0.0, 0.0, 0.0, 0.0, 0.0], [0.0, 0.0, 0.0, 0.0, 0.0, 0.0], [0.0, 0.0, 0.0, 0.0, 0.0, 0.0], [0.0, 0.0, 0.0, 0.0, 0.0, 0.0], [0.0, 0.0, 0.0, 0.0, 0.0, 0.0], [0.0, 0.0, 0.0, 0.0, 0.0, 0.0]], [[0.0, 0.0, 0.0, 0.0, 0.0, 0.0], [0.0, 0.0, 0.0, 0.0, 0.0, 0.0], [0.0, 0.0, 0.0, 0.0, 0.0, 0.0], [0.0, 0.0, 0.0, 0.0, 0.0, 0.0], [0.0, 0.0, 0.0, 0.0, 0.0, 0.0], [0.0, 0.0, 0.0, 0.0, 0.0, 0.0]], [[0.0, 0.0, 0.0, 0.0, 0.0, 0.0], [0.0, 0.0, 0.0, 0.0, 0.0, 0.0], [0.0, 0.0, 0.0, 0.0, 0.0, 0.0], [0.0, 0.0, 0.0, 0.0, 0.0, 0.0], [0.0, 0.0, 0.0, 0.0, 0.0, 0.0], [0.0, 0.0, 0.0, 0.0, 0.0, 0.0]], [[0.0, 0.0, 0.0, 0.0, 0.0, 0.0], [0.0, 0.0, 0.0, 0.0, 0.0, 0.0], [0.0, 0.0, 0.0, 0.0, 0.0, 0.0], [0.0, 0.0, 0.0, 0.0, 0.0, 0.0], [0.0, 0.0, 0.0, 0.0, 0.0, 0.0], [0.0, 0.0, 0.0, 0.0, 0.0, 0.0]], [[0.0, 0.0, 0.0, 0.0, 0.0, 0.0], [0.0, 0.0, 0.0, 0.0, 0.0, 0.0], [0.0, 0.0, 0.0, 0.0, 0.0, 0.0], [0.0, 0.0, 0.0, 0.0, 0.0, 0.0], [0.0, 0.0, 0.0, 0.0, 0.0, 0.0], [0.0, 0.0, 0.0, 0.0, 0.0, 0.0]], [[0.013566, 0.008393, -0.034622, 0.000387, 0.0, 0.0], [0.008393, 0.027279, -0.034155, 0.004294, 0.0, 0.0], [-0.034622, -0.034155, 0.03665, -0.003367, 0.0, 0.0], [0.000387, 0.004294, -0.003367, -0.005364, 0.0, 0.0], [0.0, 0.0, 0.0, 0.0, -0.032369, 0.010057], [0.0, 0.0, 0.0, 0.0, 0.010057, -0.01765]], [[-0.080666, -0.001765, 0.045436, 0.030521, 0.0, 0.0], [-0.001765, -0.005203, 0.001429, -0.006883, 0.0, 0.0], [0.045436, 0.001429, -0.03351, -0.024685, 0.0, 0.0], [0.030521, -0.006883, -0.024685, -0.010505, 0.0, 0.0], [0.0, 0.0, 0.0, 0.0, 0.010956, 0.004003], [0.0, 0.0, 0.0, 0.0, 0.004003, 0.011603]]]]}