{"number of modes": 4, "number of surfaces": 6, "energies": [[19.731012, 0.0, 0.0, 0.0, 0.0, 0.0], [0.0, 16.283402, 0.0, 0.0, 0.0, 0.0], [0.0, 0.0, 18.645826, 0.0, 0.0, 0.0], [0.0, 0.0, 0.0, 12.432094, 0.0, 0.0], [0.0, 0.0, 0.0, 0.0, 18.645826, 0.0], [0.0, 0.0, 0.0, 0.0, 0.0, 12.432094]], "frequencies": [0.159852, 0.285443, 0.075482, 0.075482], "electronic transition dipole moments": [["(0.1+0j)", "(0.1+0j)", "(0.1+0j)", "(0.1+0j)", "(0.1+0j)", "(0.1+0j)"]], "magnetic transition dipole moments": [["(0.1+0j)", "(0.1+0j)", "(0.1+0j)", "(0.1+0j)", "(0.1+0j)", "(0.1+0j)"]], "linear couplings": [[[0.010438, -0.155567, 8.8e-05, 0.002779, 0.0, 0.0], [-0.155567, -0.162425, 0.000388, 0.000198, 0.0, 0.0], [8.8e-05, 0.000388, 0.354892, 0.267659, 0.0, 0.0], [0.002779, 0.000198, 0.267659, 0.067501, 0.0, 0.0], [0.0, 0.0, 0.0, 0.0, 0.354892, 0.267225], [0.0, 0.0, 0.0, 0.0, 0.267225, 0.067501]], [[0.170076, -0.122708, 0.0, -0.000606, 0.0, 0.0], [-0.122708, -0.123629, -8.5e-05, 0.0, 0.0, 0.0], [0.0, -8.5e-05, -0.221269, 0.539477, 0.0, 0.0], [-0.000606, 0.0, 0.539477, 0.023286, 0.0, 0.0], [0.0, 0.0, 0.0, 0.0, -0.221269, 0.538994], [0.0, 0.0, 0.0, 0.0, 0.538994, 0.023286]], [[0.0, 0.0, 0.0, 0.0, 0.0833, 0.29077], [0.0, 0.0, 0.0, 0.0, 0.066873, -0.20481], [0.0, 0.0, 0.0, 0.0, -3e-06, 0.0], [0.0, 0.0, 0.0, 0.0, 0.0, 0.0], [0.0833, 0.066873, -3e-06, 0.0, 0.0, 0.0], [0.29077, -0.20481, 0.0, 0.0, 0.0, 0.0]], [[0.0, 0.0, -0.083328, -0.288642, 0.0, 0.0], [0.0, 0.0, -0.0666, 0.204549, 0.0, 0.0], [-0.083328, -0.0666, 0.0, 0.0, 0.0, 0.0], [-0.288642, 0.204549, 0.0, 0.0, 0.0, 0.0], [0.0, 0.0, 0.0, 0.0, 0.0, 0.0], [0.0, 0.0, 0.0, 0.0, 0.0, 0.0]]], "quadratic couplings": [[[[0.009631, -0.003711, -8.8e-05, 4.1e-05, 0.0, 0.0], [-0.003711, -0.00685, 6.8e-05, -1.3e-05, 0.0, 0.0], [-8.8e-05, 6.8e-05, 0.014234, 0.017052, 0.0, 0.0], [4.1e-05, -1.3e-05, 0.017052, 0.002553, 0.0, 0.0], [0.0, 0.0, 0.0, 0.0, 0.014271, 0.017047], [0.0, 0.0, 0.0, 0.0, 0.017047, 0.002515]], [[0.022805, -0.02345, -0.000128, 4.7e-05, 0.0, 0.0], [-0.02345, -0.005323, -8.4e-05, 0.0, 0.0, 0.0], [-0.000128, -8.4e-05, 0.011976, 0.041099, 0.0, 0.0], [4.7e-05, 0.0, 0.041099, 0.007558, 0.0, 0.0], [0.0, 0.0, 0.0, 0.0, 0.012093, 0.041131], [0.0, 0.0, 0.0, 0.0, 0.041131, 0.007442]], [[0.0, 0.0, 0.0, 0.0, 0.0, 0.0], [0.0, 0.0, 0.0, 0.0, 0.0, 0.0], [0.0, 0.0, 0.0, 0.0, 0.0, 0.0], [0.0, 0.0, 0.0, 0.0, 0.0, 0.0], [0.0, 0.0, 0.0, 0.0, 0.0, 0.0], [0.0, 0.0, 0.0, 0.0, 0.0, 0.0]], [[0.0, 0.0, 0.0, 0.0, 0.0, 0.0], [0.0, 0.0, 0.0, 0.0, 0.0, 0.0], [0.0, 0.0, 0.0, 0.0, 0.0, 0.0], [0.0, 0.0, 0.0, 0.0, 0.0, 0.0], [0.0, 0.0, 0.0, 0.0, 0.0, 0.0], [0.0, 0.0, 0.0, 0.0, 0.0, 0.0]]], [[[0.022805, -0.02345, -0.000128, 4.7e-05, 0.0, 0.0], [-0.02345, -0.005323, -8.4e-05, 0.0, 0.0, 0.0], [-0.000128, -8.4e-05, 0.011976, 0.041099, 0.0, 0.0], [4.7e-05, 0.0, 0.041099, 0.007558, 0.0, 0.0], [0.0, 0.0, 0.0, 0.0, 0.012093, 0.041131], [0.0, 0.0, 0.0, 0.0, 0.041131, 0.007442]], [[0.006789, -0.014976, 3.2e-05, -1.3e-05, 0.0, 0.0], [-0.014976, 0.017358, 1.5e-05, 0.0, 0.0, 0.0], [3.2e-05, 1.5e-05, 0.024376, 0.006158, 0.0, 0.0], [-1.3e-05, 0.0, 0.006158, 0.007831, 0.0, 0.0], [0.0, 0.0, 0.0, 0.0, 0.02446, 0.006152], [0.0, 0.0, 0.0, 0.0, 0.006152, 0.007748]], [[0.0, 0.0, 0.0, 0.0, 0.0, 0.0], [0.0, 0.0, 0.0, 0.0, 0.0, 0.0], [0.0, 0.0, 0.0, 0.0, 0.0, 0.0], [0.0, 0.0, 0.0, 0.0, 0.0, 0.0], [0.0, 0.0, 0.0, 0.0, 0.0, 0.0], [0.0, 0.0, 0.0, 0.0, 0.0, 0.0]], [[0.0, 0.0, 0.0, 0.0, 0.0, 0.0], [0.0, 0.0, 0.0, 0.0, 0.0, 0.0], [0.0, 0.0, 0.0, 0.0, 0.0, 0.0], [0.0, 0.0, 0.0, 0.0, 0.0, 0.0], [0.0, 0.0, 0.0, 0.0, 0.0, 0.0], [0.0, 0.0, 0.0, 0.0, 0.0, 0.0]]], [[[0.0, 0.0, 0.0, 0.0, 0.0, 0.0], [0.0, 0.0, 0.0, 0.0, 0.0, 0.0], [0.0, 0.0, 0.0, 0.0, 0.0, 0.0], [0.0, 0.0, 0.0, 0.0, 0.0, 0.0], [0.0, 0.0, 0.0, 0.0, 0.0, 0.0], [0.0, 0.0, 0.0, 0.0, 0.0, 0.0]], [[0.0, 0.0, 0.0, 0.0, 0.0, 0.0], [0.0, 0.0, 0.0, 0.0, 0.0, 0.0], [0.0, 0.0, 0.0, 0.0, 0.0, 0.0], [0.0, 0.0, 0.0, 0.0, 0.0, 0.0], [0.0, 0.0, 0.0, 0.0, 0.0, 0.0], [0.0, 0.0, 0.0, 0.0, 0.0, 0.0]], [[-0.015015, 0.017747, 8e-06, 2.9e-05, 0.0, 0.0], [0.017747, 0.001543, 6e-06, -2.1e-05, 0.0, 0.0], [8e-06, 6e-06, -0.040291, -0.005982, 0.0, 0.0], [2.9e-05, -2.1e-05, -0.005982, -0.01357, 0.0, 0.0], [0.0, 0.0, 0.0, 0.0, -0.035401, -0.014153], [0.0, 0.0, 0.0, 0.0, -0.014153, 0.000213]], [[0.0, 0.0, 0.0, 0.0, 0.0, 0.0], [0.0, 0.0, 0.0, 0.0, 0.0, 0.0], [0.0, 0.0, 0.0, 0.0, -0.005363, 0.008855], [0.0, 0.0, 0.0, 0.0, 0.008611, -0.013908], [0.0, 0.0, -0.005363, 0.008611, 0.0, 0.0], [0.0, 0.0, 0.008855, -0.013908, 0.0, 0.0]]], [[[0.0, 0.0, 0.0, 0.0, 0.0, 0.0], [0.0, 0.0, 0.0, 0.0, 0.0, 0.0], [0.0, 0.0, 0.0, 0.0, 0.0, 0.0], [0.0, 0.0, 0.0, 0.0, 0.0, 0.0], [0.0, 0.0, 0.0, 0.0, 0.0, 0.0], [0.0, 0.0, 0.0, 0.0, 0.0, 0.0]], [[0.0, 0.0, 0.0, 0.0, 0.0, 0.0], [0.0, 0.0, 0.0, 0.0, 0.0, 0.0], [0.0, 0.0, 0.0, 0.0, 0.0, 0.0], [0.0, 0.0, 0.0, 0.0, 0.0, 0.0], [0.0, 0.0, 0.0, 0.0, 0.0, 0.0], [0.0, 0.0, 0.0, 0.0, 0.0, 0.0]], [[0.0, 0.0, 0.0, 0.0, 0.0, 0.0], [0.0, 0.0, 0.0, 0.0, 0.0, 0.0], [0.0, 0.0, 0.0, 0.0, -0.005363, 0.008855], [0.0, 0.0, 0.0, 0.0, 0.008611, -0.013908], [0.0, 0.0, -0.005363, 0.008611, 0.0, 0.0], [0.0, 0.0, 0.008855, -0.013908, 0.0, 0.0]], [[-0.014845, 0.017645, 0.0, 0.0, 0.0, 0.0], [0.017645, 0.001554, 0.0, 0.0, 0.0, 0.0], [0.0, 0.0, -0.035382, -0.014255, 0.0, 0.0], [0.0, 0.0, -0.014255, 1.3e-05, 0.0, 0.0], [0.0, 0.0, 0.0, 0.0, -0.040291, -0.005956], [0.0, 0.0, 0.0, 0.0, -0.005956, -0.01357]]]]}