{"number of modes": 12, "number of surfaces": 6, "energies": [[15.432963, 0.0, 0.0, 0.0, 0.0, 0.0], [0.0, 14.388444, 0.0, 0.0, 0.0, 0.0], [0.0, 0.0, 12.420735, 0.0, 0.0, 0.0], [0.0, 0.0, 0.0, 10.257793, 0.0, 0.0], [0.0, 0.0, 0.0, 0.0, 11.830125, 0.0], [0.0, 0.0, 0.0, 0.0, 0.0, 8.854765]], "frequencies": [0.04941, 0.090066, 0.130617, 0.163459, 0.176532, 0.205133, 0.398838, 0.406365, 0.412695, 0.079107, 0.113583, 0.122288], "electronic transition dipole moments": [["(0.1+0j)", "(0.1+0j)", "(0.1+0j)", "(0.1+0j)", "(0.1+0j)", "(0.1+0j)"]], "magnetic transition dipole moments": [["(0.1+0j)", "(0.1+0j)", "(0.1+0j)", "(0.1+0j)", "(0.1+0j)", "(0.1+0j)"]], "linear couplings": [[[0.06724, 0.017049, -0.06948, 0.078362, 0.0, 0.0], [0.017049, -0.052813, -0.036572, -0.072073, 0.0, 0.0], [-0.06948, -0.036572, 0.011096, -0.186111, 0.0, 0.0], [0.078362, -0.072073, -0.186111, -0.003329, 0.0, 0.0], [0.0, 0.0, 0.0, 0.0, 0.03945, -0.024196], [0.0, 0.0, 0.0, 0.0, -0.024196, -0.049131]], [[0.019088, -0.058706, -0.139931, -0.156283, 0.0, 0.0], [-0.058706, 0.087841, 0.09329, -0.07285, 0.0, 0.0], [-0.139931, 0.09329, 0.07789, 0.083254, 0.0, 0.0], [-0.156283, -0.07285, 0.083254, 0.032363, 0.0, 0.0], [0.0, 0.0, 0.0, 0.0, 0.227835, 0.052576], [0.0, 0.0, 0.0, 0.0, 0.052576, -0.093877]], [[0.072621, 0.072949, 0.15607, -0.048567, 0.0, 0.0], [0.072949, -0.076347, 0.257031, -0.018599, 0.0, 0.0], [0.15607, 0.257031, 0.056692, 0.133154, 0.0, 0.0], [-0.048567, -0.018599, 0.133154, 0.026262, 0.0, 0.0], [0.0, 0.0, 0.0, 0.0, 0.083083, 0.046351], [0.0, 0.0, 0.0, 0.0, 0.046351, -0.032133]], [[0.114867, -0.158918, 0.022336, 0.04372, 0.0, 0.0], [-0.158918, -0.226836, 0.278735, -0.137147, 0.0, 0.0], [0.022336, 0.278735, 0.110048, -0.02561, 0.0, 0.0], [0.04372, -0.137147, -0.02561, 0.098748, 0.0, 0.0], [0.0, 0.0, 0.0, 0.0, 0.078344, 0.035078], [0.0, 0.0, 0.0, 0.0, 0.035078, 0.041635]], [[-0.155016, 0.201637, -0.214783, -0.009727, 0.0, 0.0], [0.201637, 0.042519, 0.194946, -0.038025, 0.0, 0.0], [-0.214783, 0.194946, -0.032975, -0.029866, 0.0, 0.0], [-0.009727, -0.038025, -0.029866, 0.041573, 0.0, 0.0], [0.0, 0.0, 0.0, 0.0, 0.029112, 0.083418], [0.0, 0.0, 0.0, 0.0, 0.083418, -0.090653]], [[-0.094947, -0.214028, 0.008258, -0.058094, 0.0, 0.0], [-0.214028, -0.271514, -0.023905, -0.150376, 0.0, 0.0], [0.008258, -0.023905, 0.274089, -0.037602, 0.0, 0.0], [-0.058094, -0.150376, -0.037602, 0.038545, 0.0, 0.0], [0.0, 0.0, 0.0, 0.0, -0.01129, 0.155291], [0.0, 0.0, 0.0, 0.0, 0.155291, -0.179633]], [[0.234096, -0.052918, 0.258635, -0.008688, 0.0, 0.0], [-0.052918, 0.147807, -0.104314, -0.013269, 0.0, 0.0], [0.258635, -0.104314, 0.249474, 0.038617, 0.0, 0.0], [-0.008688, -0.013269, 0.038617, -0.00158, 0.0, 0.0], [0.0, 0.0, 0.0, 0.0, 0.000418, 0.012511], [0.0, 0.0, 0.0, 0.0, 0.012511, -0.007602]], [[0.144115, 0.055323, -0.122401, 0.08805, 0.0, 0.0], [0.055323, 0.096651, -0.15376, 0.031557, 0.0, 0.0], [-0.122401, -0.15376, 0.173918, -0.098043, 0.0, 0.0], [0.08805, 0.031557, -0.098043, 0.037649, 0.0, 0.0], [0.0, 0.0, 0.0, 0.0, -0.007871, -0.003115], [0.0, 0.0, 0.0, 0.0, -0.003115, -0.004394]], [[-0.222705, -0.084812, -0.143813, -0.047471, 0.0, 0.0], [-0.084812, 0.210465, -0.184224, -0.001695, 0.0, 0.0], [-0.143813, -0.184224, -0.032863, 0.000607, 0.0, 0.0], [-0.047471, -0.001695, 0.000607, -0.005267, 0.0, 0.0], [0.0, 0.0, 0.0, 0.0, 0.004495, -8e-05], [0.0, 0.0, 0.0, 0.0, -8e-05, -0.003758]], [[0.0, 0.0, 0.0, 0.0, 0.15138, -0.120674], [0.0, 0.0, 0.0, 0.0, -0.062067, -0.133983], [0.0, 0.0, 0.0, 0.0, 0.045606, -0.289558], [0.0, 0.0, 0.0, 0.0, 0.010863, -0.043267], [0.15138, -0.062067, 0.045606, 0.010863, 0.0, 0.0], [-0.120674, -0.133983, -0.289558, -0.043267, 0.0, 0.0]], [[0.0, 0.0, 0.0, 0.0, -0.126558, 0.129934], [0.0, 0.0, 0.0, 0.0, -0.104017, 0.138436], [0.0, 0.0, 0.0, 0.0, -0.053041, 0.083036], [0.0, 0.0, 0.0, 0.0, -0.050643, 0.052334], [-0.126558, -0.104017, -0.053041, -0.050643, 0.0, 0.0], [0.129934, 0.138436, 0.083036, 0.052334, 0.0, 0.0]], [[0.0, 0.0, 0.0, 0.0, 0.051211, 0.041185], [0.0, 0.0, 0.0, 0.0, 0.14378, -0.269829], [0.0, 0.0, 0.0, 0.0, -0.240942, 0.292707], [0.0, 0.0, 0.0, 0.0, 0.070482, -0.077288], [0.051211, 0.14378, -0.240942, 0.070482, 0.0, 0.0], [0.041185, -0.269829, 0.292707, -0.077288, 0.0, 0.0]]], "quadratic couplings": [[[[-0.017761, 0.002265, -0.006137, -0.000999, 0.0, 0.0], [0.002265, -0.017377, 0.00143, 0.005761, 0.0, 0.0], [-0.006137, 0.00143, -0.02331, -0.010947, 0.0, 0.0], [-0.000999, 0.005761, -0.010947, 0.009411, 0.0, 0.0], [0.0, 0.0, 0.0, 0.0, -0.003284, 0.001102], [0.0, 0.0, 0.0, 0.0, 0.001102, -0.004757]], [[0.02199, -0.004972, 0.009398, 0.006461, 0.0, 0.0], [-0.004972, 0.012528, -0.011969, -0.010355, 0.0, 0.0], [0.009398, -0.011969, 0.036376, -0.008827, 0.0, 0.0], [0.006461, -0.010355, -0.008827, -0.011498, 0.0, 0.0], [0.0, 0.0, 0.0, 0.0, 0.006535, -0.004739], [0.0, 0.0, 0.0, 0.0, -0.004739, 0.000245]], [[-0.006226, 0.010014, -0.028835, 0.003881, 0.0, 0.0], [0.010014, -0.008851, 0.027316, 0.007819, 0.0, 0.0], [-0.028835, 0.027316, -0.040147, -0.010756, 0.0, 0.0], [0.003881, 0.007819, -0.010756, -0.003607, 0.0, 0.0], [0.0, 0.0, 0.0, 0.0, 0.004171, -0.005279], [0.0, 0.0, 0.0, 0.0, -0.005279, 0.005584]], [[-0.006563, 0.009704, -0.002646, 0.002095, 0.0, 0.0], [0.009704, -0.002583, 0.003978, 0.00134, 0.0, 0.0], [-0.002646, 0.003978, -0.024789, -0.008313, 0.0, 0.0], [0.002095, 0.00134, -0.008313, 0.011931, 0.0, 0.0], [0.0, 0.0, 0.0, 0.0, 0.001777, -0.002246], [0.0, 0.0, 0.0, 0.0, -0.002246, 0.00127]], [[-0.021941, -0.000218, -0.020332, -0.005682, 0.0, 0.0], [-0.000218, 0.026674, -0.029518, -0.008016, 0.0, 0.0], [-0.020332, -0.029518, -0.007512, -0.003046, 0.0, 0.0], [-0.005682, -0.008016, -0.003046, -0.001844, 0.0, 0.0], [0.0, 0.0, 0.0, 0.0, -0.002137, -0.002347], [0.0, 0.0, 0.0, 0.0, -0.002347, 0.000286]], [[0.018508, 0.007378, 0.025315, 0.005481, 0.0, 0.0], [0.007378, -0.032278, 0.02334, 0.002212, 0.0, 0.0], [0.025315, 0.02334, 0.00113, -0.000236, 0.0, 0.0], [0.005481, 0.002212, -0.000236, 0.008892, 0.0, 0.0], [0.0, 0.0, 0.0, 0.0, -0.001501, 0.00067], [0.0, 0.0, 0.0, 0.0, 0.00067, 0.001031]], [[0.019489, 0.011386, 0.00486, 4.1e-05, 0.0, 0.0], [0.011386, -0.011589, 0.012503, -0.00563, 0.0, 0.0], [0.00486, 0.012503, 0.001281, 0.004666, 0.0, 0.0], [4.1e-05, -0.00563, 0.004666, -0.001644, 0.0, 0.0], [0.0, 0.0, 0.0, 0.0, 0.000278, 0.001028], [0.0, 0.0, 0.0, 0.0, 0.001028, -0.000229]], [[-0.00469, -0.004756, 0.009365, 0.005418, 0.0, 0.0], [-0.004756, -0.007662, 0.002879, 0.000952, 0.0, 0.0], [0.009365, 0.002879, -0.000636, -0.002424, 0.0, 0.0], [0.005418, 0.000952, -0.002424, 0.009231, 0.0, 0.0], [0.0, 0.0, 0.0, 0.0, 0.000292, 0.00093], [0.0, 0.0, 0.0, 0.0, 0.00093, 0.000867]], [[-0.005468, -0.023066, 0.012518, 0.001419, 0.0, 0.0], [-0.023066, -0.016165, -0.017742, -0.010099, 0.0, 0.0], [0.012518, -0.017742, 0.033579, 0.007578, 0.0, 0.0], [0.001419, -0.010099, 0.007578, -0.000925, 0.0, 0.0], [0.0, 0.0, 0.0, 0.0, 0.001155, 0.001303], [0.0, 0.0, 0.0, 0.0, 0.001303, -0.000986]], [[0.0, 0.0, 0.0, 0.0, 0.0, 0.0], [0.0, 0.0, 0.0, 0.0, 0.0, 0.0], [0.0, 0.0, 0.0, 0.0, 0.0, 0.0], [0.0, 0.0, 0.0, 0.0, 0.0, 0.0], [0.0, 0.0, 0.0, 0.0, 0.0, 0.0], [0.0, 0.0, 0.0, 0.0, 0.0, 0.0]], [[0.0, 0.0, 0.0, 0.0, 0.0, 0.0], [0.0, 0.0, 0.0, 0.0, 0.0, 0.0], [0.0, 0.0, 0.0, 0.0, 0.0, 0.0], [0.0, 0.0, 0.0, 0.0, 0.0, 0.0], [0.0, 0.0, 0.0, 0.0, 0.0, 0.0], [0.0, 0.0, 0.0, 0.0, 0.0, 0.0]], [[0.0, 0.0, 0.0, 0.0, 0.0, 0.0], [0.0, 0.0, 0.0, 0.0, 0.0, 0.0], [0.0, 0.0, 0.0, 0.0, 0.0, 0.0], [0.0, 0.0, 0.0, 0.0, 0.0, 0.0], [0.0, 0.0, 0.0, 0.0, 0.0, 0.0], [0.0, 0.0, 0.0, 0.0, 0.0, 0.0]]], [[[0.02199, -0.004972, 0.009398, 0.006461, 0.0, 0.0], [-0.004972, 0.012528, -0.011969, -0.010355, 0.0, 0.0], [0.009398, -0.011969, 0.036376, -0.008827, 0.0, 0.0], [0.006461, -0.010355, -0.008827, -0.011498, 0.0, 0.0], [0.0, 0.0, 0.0, 0.0, 0.006535, -0.004739], [0.0, 0.0, 0.0, 0.0, -0.004739, 0.000245]], [[-0.006556, 0.004788, -0.007715, -0.006195, 0.0, 0.0], [0.004788, -0.002635, 0.003256, 0.000454, 0.0, 0.0], [-0.007715, 0.003256, -0.015713, 0.006528, 0.0, 0.0], [-0.006195, 0.000454, 0.006528, -0.003928, 0.0, 0.0], [0.0, 0.0, 0.0, 0.0, 0.008181, -0.001221], [0.0, 0.0, 0.0, 0.0, -0.001221, -0.005736]], [[0.019951, -0.002165, 0.023135, -0.002783, 0.0, 0.0], [-0.002165, 0.002851, -0.023429, -0.001381, 0.0, 0.0], [0.023135, -0.023429, 0.043299, 0.01034, 0.0, 0.0], [-0.002783, -0.001381, 0.01034, -0.002286, 0.0, 0.0], [0.0, 0.0, 0.0, 0.0, 0.004499, 0.003037], [0.0, 0.0, 0.0, 0.0, 0.003037, -0.006652]], [[0.005785, -0.004316, 0.014187, 0.0025, 0.0, 0.0], [-0.004316, 0.012906, 0.001761, -0.00406, 0.0, 0.0], [0.014187, 0.001761, 0.01112, 0.001806, 0.0, 0.0], [0.0025, -0.00406, 0.001806, -0.011854, 0.0, 0.0], [0.0, 0.0, 0.0, 0.0, -0.001252, -0.006216], [0.0, 0.0, 0.0, 0.0, -0.006216, -0.000766]], [[0.028676, 0.010192, 0.026344, 0.001451, 0.0, 0.0], [0.010192, -0.013184, 0.024873, -0.003707, 0.0, 0.0], [0.026344, 0.024873, 0.00758, 0.000938, 0.0, 0.0], [0.001451, -0.003707, 0.000938, -0.004814, 0.0, 0.0], [0.0, 0.0, 0.0, 0.0, 0.004669, -0.002352], [0.0, 0.0, 0.0, 0.0, -0.002352, -0.003818]], [[-0.021717, -0.007563, -0.018568, -0.002959, 0.0, 0.0], [-0.007563, 0.019951, -0.018972, -0.004602, 0.0, 0.0], [-0.018568, -0.018972, -0.002102, -0.003846, 0.0, 0.0], [-0.002959, -0.004602, -0.003846, -0.007096, 0.0, 0.0], [0.0, 0.0, 0.0, 0.0, 0.003793, -0.001225], [0.0, 0.0, 0.0, 0.0, -0.001225, -0.005866]], [[-0.011447, -0.002698, -0.003269, -0.005747, 0.0, 0.0], [-0.002698, 0.015532, -0.010798, -0.001106, 0.0, 0.0], [-0.003269, -0.010798, -0.005368, -0.002138, 0.0, 0.0], [-0.005747, -0.001106, -0.002138, -0.002112, 0.0, 0.0], [0.0, 0.0, 0.0, 0.0, -0.002116, -0.000112], [0.0, 0.0, 0.0, 0.0, -0.000112, -0.001871]], [[-0.005791, -0.007912, -0.012432, 0.003029, 0.0, 0.0], [-0.007912, -0.004878, 0.00136, -0.0036, 0.0, 0.0], [-0.012432, 0.00136, 0.010925, -0.00609, 0.0, 0.0], [0.003029, -0.0036, -0.00609, -0.003339, 0.0, 0.0], [0.0, 0.0, 0.0, 0.0, -0.00251, 5.8e-05], [0.0, 0.0, 0.0, 0.0, 5.8e-05, -0.001753]], [[-0.006341, 0.018869, -0.016441, 0.003741, 0.0, 0.0], [0.018869, 0.02341, 0.011606, 0.002119, 0.0, 0.0], [-0.016441, 0.011606, -0.027324, 0.003521, 0.0, 0.0], [0.003741, 0.002119, 0.003521, 0.003229, 0.0, 0.0], [0.0, 0.0, 0.0, 0.0, 0.001585, -0.000302], [0.0, 0.0, 0.0, 0.0, -0.000302, 0.001444]], [[0.0, 0.0, 0.0, 0.0, 0.0, 0.0], [0.0, 0.0, 0.0, 0.0, 0.0, 0.0], [0.0, 0.0, 0.0, 0.0, 0.0, 0.0], [0.0, 0.0, 0.0, 0.0, 0.0, 0.0], [0.0, 0.0, 0.0, 0.0, 0.0, 0.0], [0.0, 0.0, 0.0, 0.0, 0.0, 0.0]], [[0.0, 0.0, 0.0, 0.0, 0.0, 0.0], [0.0, 0.0, 0.0, 0.0, 0.0, 0.0], [0.0, 0.0, 0.0, 0.0, 0.0, 0.0], [0.0, 0.0, 0.0, 0.0, 0.0, 0.0], [0.0, 0.0, 0.0, 0.0, 0.0, 0.0], [0.0, 0.0, 0.0, 0.0, 0.0, 0.0]], [[0.0, 0.0, 0.0, 0.0, 0.0, 0.0], [0.0, 0.0, 0.0, 0.0, 0.0, 0.0], [0.0, 0.0, 0.0, 0.0, 0.0, 0.0], [0.0, 0.0, 0.0, 0.0, 0.0, 0.0], [0.0, 0.0, 0.0, 0.0, 0.0, 0.0], [0.0, 0.0, 0.0, 0.0, 0.0, 0.0]]], [[[-0.006226, 0.010014, -0.028835, 0.003881, 0.0, 0.0], [0.010014, -0.008851, 0.027316, 0.007819, 0.0, 0.0], [-0.028835, 0.027316, -0.040147, -0.010756, 0.0, 0.0], [0.003881, 0.007819, -0.010756, -0.003607, 0.0, 0.0], [0.0, 0.0, 0.0, 0.0, 0.004171, -0.005279], [0.0, 0.0, 0.0, 0.0, -0.005279, 0.005584]], [[0.019951, -0.002165, 0.023135, -0.002783, 0.0, 0.0], [-0.002165, 0.002851, -0.023429, -0.001381, 0.0, 0.0], [0.023135, -0.023429, 0.043299, 0.01034, 0.0, 0.0], [-0.002783, -0.001381, 0.01034, -0.002286, 0.0, 0.0], [0.0, 0.0, 0.0, 0.0, 0.004499, 0.003037], [0.0, 0.0, 0.0, 0.0, 0.003037, -0.006652]], [[-0.020547, 0.003288, -0.019228, -0.006247, 0.0, 0.0], [0.003288, -0.022787, 0.015689, -0.000766, 0.0, 0.0], [-0.019228, 0.015689, -0.033605, 0.00254, 0.0, 0.0], [-0.006247, -0.000766, 0.00254, -0.005103, 0.0, 0.0], [0.0, 0.0, 0.0, 0.0, 0.00105, -0.001878], [0.0, 0.0, 0.0, 0.0, -0.001878, 0.000262]], [[0.002403, 0.001811, -0.027999, 0.008365, 0.0, 0.0], [0.001811, -0.022385, -0.001159, 0.005178, 0.0, 0.0], [-0.027999, -0.001159, 0.012844, -0.0221, 0.0, 0.0], [0.008365, 0.005178, -0.0221, -0.001001, 0.0, 0.0], [0.0, 0.0, 0.0, 0.0, -0.002786, -0.005363], [0.0, 0.0, 0.0, 0.0, -0.005363, -0.001687]], [[-0.042833, -0.00756, -0.051405, -0.000939, 0.0, 0.0], [-0.00756, 0.055417, -0.048167, 0.002814, 0.0, 0.0], [-0.051405, -0.048167, -0.002412, -0.012685, 0.0, 0.0], [-0.000939, 0.002814, -0.012685, -0.004843, 0.0, 0.0], [0.0, 0.0, 0.0, 0.0, -0.000505, -0.004553], [0.0, 0.0, 0.0, 0.0, -0.004553, -0.000643]], [[0.046063, 0.019268, 0.008557, 0.010211, 0.0, 0.0], [0.019268, -0.042832, 0.008143, 0.002581, 0.0, 0.0], [0.008557, 0.008143, 0.011607, -0.004612, 0.0, 0.0], [0.010211, 0.002581, -0.004612, 0.002158, 0.0, 0.0], [0.0, 0.0, 0.0, 0.0, 0.00307, -0.001427], [0.0, 0.0, 0.0, 0.0, -0.001427, -0.001337]], [[0.013155, 0.016038, 0.011859, 0.003962, 0.0, 0.0], [0.016038, -0.009212, 0.02446, -0.004737, 0.0, 0.0], [0.011859, 0.02446, 0.008621, 0.009815, 0.0, 0.0], [0.003962, -0.004737, 0.009815, 0.004915, 0.0, 0.0], [0.0, 0.0, 0.0, 0.0, 0.002716, 0.001699], [0.0, 0.0, 0.0, 0.0, 0.001699, 0.001136]], [[0.017751, 0.000968, 0.006853, 0.008504, 0.0, 0.0], [0.000968, -0.000646, 0.000292, 0.003033, 0.0, 0.0], [0.006853, 0.000292, -0.018572, 0.003372, 0.0, 0.0], [0.008504, 0.003033, 0.003372, -0.002308, 0.0, 0.0], [0.0, 0.0, 0.0, 0.0, -0.003436, -0.001814], [0.0, 0.0, 0.0, 0.0, -0.001814, -0.0034]], [[0.008221, -0.044665, 0.016258, -0.001864, 0.0, 0.0], [-0.044665, -0.019782, -0.023939, -0.011913, 0.0, 0.0], [0.016258, -0.023939, 0.016036, 0.004052, 0.0, 0.0], [-0.001864, -0.011913, 0.004052, -0.003015, 0.0, 0.0], [0.0, 0.0, 0.0, 0.0, -0.003114, 0.000973], [0.0, 0.0, 0.0, 0.0, 0.000973, -0.003948]], [[0.0, 0.0, 0.0, 0.0, 0.0, 0.0], [0.0, 0.0, 0.0, 0.0, 0.0, 0.0], [0.0, 0.0, 0.0, 0.0, 0.0, 0.0], [0.0, 0.0, 0.0, 0.0, 0.0, 0.0], [0.0, 0.0, 0.0, 0.0, 0.0, 0.0], [0.0, 0.0, 0.0, 0.0, 0.0, 0.0]], [[0.0, 0.0, 0.0, 0.0, 0.0, 0.0], [0.0, 0.0, 0.0, 0.0, 0.0, 0.0], [0.0, 0.0, 0.0, 0.0, 0.0, 0.0], [0.0, 0.0, 0.0, 0.0, 0.0, 0.0], [0.0, 0.0, 0.0, 0.0, 0.0, 0.0], [0.0, 0.0, 0.0, 0.0, 0.0, 0.0]], [[0.0, 0.0, 0.0, 0.0, 0.0, 0.0], [0.0, 0.0, 0.0, 0.0, 0.0, 0.0], [0.0, 0.0, 0.0, 0.0, 0.0, 0.0], [0.0, 0.0, 0.0, 0.0, 0.0, 0.0], [0.0, 0.0, 0.0, 0.0, 0.0, 0.0], [0.0, 0.0, 0.0, 0.0, 0.0, 0.0]]], [[[-0.006563, 0.009704, -0.002646, 0.002095, 0.0, 0.0], [0.009704, -0.002583, 0.003978, 0.00134, 0.0, 0.0], [-0.002646, 0.003978, -0.024789, -0.008313, 0.0, 0.0], [0.002095, 0.00134, -0.008313, 0.011931, 0.0, 0.0], [0.0, 0.0, 0.0, 0.0, 0.001777, -0.002246], [0.0, 0.0, 0.0, 0.0, -0.002246, 0.00127]], [[0.005785, -0.004316, 0.014187, 0.0025, 0.0, 0.0], [-0.004316, 0.012906, 0.001761, -0.00406, 0.0, 0.0], [0.014187, 0.001761, 0.01112, 0.001806, 0.0, 0.0], [0.0025, -0.00406, 0.001806, -0.011854, 0.0, 0.0], [0.0, 0.0, 0.0, 0.0, -0.001252, -0.006216], [0.0, 0.0, 0.0, 0.0, -0.006216, -0.000766]], [[0.002403, 0.001811, -0.027999, 0.008365, 0.0, 0.0], [0.001811, -0.022385, -0.001159, 0.005178, 0.0, 0.0], [-0.027999, -0.001159, 0.012844, -0.0221, 0.0, 0.0], [0.008365, 0.005178, -0.0221, -0.001001, 0.0, 0.0], [0.0, 0.0, 0.0, 0.0, -0.002786, -0.005363], [0.0, 0.0, 0.0, 0.0, -0.005363, -0.001687]], [[-0.020452, -0.017168, 0.023891, -0.015135, 0.0, 0.0], [-0.017168, -0.017522, 0.020028, -0.017576, 0.0, 0.0], [0.023891, 0.020028, -0.028865, 0.016942, 0.0, 0.0], [-0.015135, -0.017576, 0.016942, -0.006535, 0.0, 0.0], [0.0, 0.0, 0.0, 0.0, 0.002316, -2.8e-05], [0.0, 0.0, 0.0, 0.0, -2.8e-05, 0.002904]], [[-0.023934, -0.019875, 0.006973, -0.011773, 0.0, 0.0], [-0.019875, 0.00595, -0.011238, -0.013512, 0.0, 0.0], [0.006973, -0.011238, -0.013376, 0.008076, 0.0, 0.0], [-0.011773, -0.013512, 0.008076, -0.009411, 0.0, 0.0], [0.0, 0.0, 0.0, 0.0, -0.00136, -0.000849], [0.0, 0.0, 0.0, 0.0, -0.000849, -0.001734]], [[-0.012199, 0.000917, 0.014494, -0.009088, 0.0, 0.0], [0.000917, 0.002487, 0.007476, -0.003351, 0.0, 0.0], [0.014494, 0.007476, -0.015243, 0.00293, 0.0, 0.0], [-0.009088, -0.003351, 0.00293, -0.002128, 0.0, 0.0], [0.0, 0.0, 0.0, 0.0, -0.000684, 0.001032], [0.0, 0.0, 0.0, 0.0, 0.001032, -0.003912]], [[-0.002007, -0.003396, 0.005816, -0.004356, 0.0, 0.0], [-0.003396, -0.01889, 0.00105, -0.003124, 0.0, 0.0], [0.005816, 0.00105, 0.007375, 0.002742, 0.0, 0.0], [-0.004356, -0.003124, 0.002742, -0.002869, 0.0, 0.0], [0.0, 0.0, 0.0, 0.0, -0.000864, 0.000162], [0.0, 0.0, 0.0, 0.0, 0.000162, -0.001817]], [[0.004768, -0.017846, -0.005658, 0.005378, 0.0, 0.0], [-0.017846, -0.02673, 0.02021, -0.012812, 0.0, 0.0], [-0.005658, 0.02021, 0.008464, -0.006002, 0.0, 0.0], [0.005378, -0.012812, -0.006002, 0.007198, 0.0, 0.0], [0.0, 0.0, 0.0, 0.0, -0.000332, 0.006225], [0.0, 0.0, 0.0, 0.0, 0.006225, -0.00177]], [[0.010971, 0.001875, 0.003223, 0.00299, 0.0, 0.0], [0.001875, -0.019612, 0.004837, -0.001345, 0.0, 0.0], [0.003223, 0.004837, -0.005286, 0.005088, 0.0, 0.0], [0.00299, -0.001345, 0.005088, -0.003838, 0.0, 0.0], [0.0, 0.0, 0.0, 0.0, -0.002736, 0.000136], [0.0, 0.0, 0.0, 0.0, 0.000136, -0.003373]], [[0.0, 0.0, 0.0, 0.0, 0.0, 0.0], [0.0, 0.0, 0.0, 0.0, 0.0, 0.0], [0.0, 0.0, 0.0, 0.0, 0.0, 0.0], [0.0, 0.0, 0.0, 0.0, 0.0, 0.0], [0.0, 0.0, 0.0, 0.0, 0.0, 0.0], [0.0, 0.0, 0.0, 0.0, 0.0, 0.0]], [[0.0, 0.0, 0.0, 0.0, 0.0, 0.0], [0.0, 0.0, 0.0, 0.0, 0.0, 0.0], [0.0, 0.0, 0.0, 0.0, 0.0, 0.0], [0.0, 0.0, 0.0, 0.0, 0.0, 0.0], [0.0, 0.0, 0.0, 0.0, 0.0, 0.0], [0.0, 0.0, 0.0, 0.0, 0.0, 0.0]], [[0.0, 0.0, 0.0, 0.0, 0.0, 0.0], [0.0, 0.0, 0.0, 0.0, 0.0, 0.0], [0.0, 0.0, 0.0, 0.0, 0.0, 0.0], [0.0, 0.0, 0.0, 0.0, 0.0, 0.0], [0.0, 0.0, 0.0, 0.0, 0.0, 0.0], [0.0, 0.0, 0.0, 0.0, 0.0, 0.0]]], [[[-0.021941, -0.000218, -0.020332, -0.005682, 0.0, 0.0], [-0.000218, 0.026674, -0.029518, -0.008016, 0.0, 0.0], [-0.020332, -0.029518, -0.007512, -0.003046, 0.0, 0.0], [-0.005682, -0.008016, -0.003046, -0.001844, 0.0, 0.0], [0.0, 0.0, 0.0, 0.0, -0.002137, -0.002347], [0.0, 0.0, 0.0, 0.0, -0.002347, 0.000286]], [[0.028676, 0.010192, 0.026344, 0.001451, 0.0, 0.0], [0.010192, -0.013184, 0.024873, -0.003707, 0.0, 0.0], [0.026344, 0.024873, 0.00758, 0.000938, 0.0, 0.0], [0.001451, -0.003707, 0.000938, -0.004814, 0.0, 0.0], [0.0, 0.0, 0.0, 0.0, 0.004669, -0.002352], [0.0, 0.0, 0.0, 0.0, -0.002352, -0.003818]], [[-0.042833, -0.00756, -0.051405, -0.000939, 0.0, 0.0], [-0.00756, 0.055417, -0.048167, 0.002814, 0.0, 0.0], [-0.051405, -0.048167, -0.002412, -0.012685, 0.0, 0.0], [-0.000939, 0.002814, -0.012685, -0.004843, 0.0, 0.0], [0.0, 0.0, 0.0, 0.0, -0.000505, -0.004553], [0.0, 0.0, 0.0, 0.0, -0.004553, -0.000643]], [[-0.023934, -0.019875, 0.006973, -0.011773, 0.0, 0.0], [-0.019875, 0.00595, -0.011238, -0.013512, 0.0, 0.0], [0.006973, -0.011238, -0.013376, 0.008076, 0.0, 0.0], [-0.011773, -0.013512, 0.008076, -0.009411, 0.0, 0.0], [0.0, 0.0, 0.0, 0.0, -0.00136, -0.000849], [0.0, 0.0, 0.0, 0.0, -0.000849, -0.001734]], [[-0.030676, -0.009673, -0.027089, -0.002486, 0.0, 0.0], [-0.009673, -0.015734, 0.01296, -0.001762, 0.0, 0.0], [-0.027089, 0.01296, -0.042689, -0.002015, 0.0, 0.0], [-0.002486, -0.001762, -0.002015, -0.000492, 0.0, 0.0], [0.0, 0.0, 0.0, 0.0, 0.002722, -0.004025], [0.0, 0.0, 0.0, 0.0, -0.004025, 0.003819]], [[0.037443, -0.007088, 0.040466, 0.002007, 0.0, 0.0], [-0.007088, 0.017468, -0.017683, -0.005262, 0.0, 0.0], [0.040466, -0.017683, 0.034335, 0.004708, 0.0, 0.0], [0.002007, -0.005262, 0.004708, -0.003679, 0.0, 0.0], [0.0, 0.0, 0.0, 0.0, 0.003468, -0.0065], [0.0, 0.0, 0.0, 0.0, -0.0065, 0.004065]], [[-0.038834, 0.020046, -0.017199, -0.00339, 0.0, 0.0], [0.020046, 0.002179, 0.019036, 0.006024, 0.0, 0.0], [-0.017199, 0.019036, -0.021383, -0.003106, 0.0, 0.0], [-0.00339, 0.006024, -0.003106, -0.001554, 0.0, 0.0], [0.0, 0.0, 0.0, 0.0, -0.00235, 0.000998], [0.0, 0.0, 0.0, 0.0, 0.000998, -0.003261]], [[0.035388, 0.013743, -0.009954, 0.011373, 0.0, 0.0], [0.013743, -0.003682, 0.004792, 0.001418, 0.0, 0.0], [-0.009954, 0.004792, -0.003996, -0.002468, 0.0, 0.0], [0.011373, 0.001418, -0.002468, 0.004299, 0.0, 0.0], [0.0, 0.0, 0.0, 0.0, 0.00088, 0.000757], [0.0, 0.0, 0.0, 0.0, 0.000757, 0.001684]], [[0.014305, -0.003837, 0.008029, 0.001163, 0.0, 0.0], [-0.003837, -0.006475, -0.009302, 0.000485, 0.0, 0.0], [0.008029, -0.009302, 0.001294, -0.000631, 0.0, 0.0], [0.001163, 0.000485, -0.000631, -0.000717, 0.0, 0.0], [0.0, 0.0, 0.0, 0.0, -0.000631, -0.00012], [0.0, 0.0, 0.0, 0.0, -0.00012, -0.00042]], [[0.0, 0.0, 0.0, 0.0, 0.0, 0.0], [0.0, 0.0, 0.0, 0.0, 0.0, 0.0], [0.0, 0.0, 0.0, 0.0, 0.0, 0.0], [0.0, 0.0, 0.0, 0.0, 0.0, 0.0], [0.0, 0.0, 0.0, 0.0, 0.0, 0.0], [0.0, 0.0, 0.0, 0.0, 0.0, 0.0]], [[0.0, 0.0, 0.0, 0.0, 0.0, 0.0], [0.0, 0.0, 0.0, 0.0, 0.0, 0.0], [0.0, 0.0, 0.0, 0.0, 0.0, 0.0], [0.0, 0.0, 0.0, 0.0, 0.0, 0.0], [0.0, 0.0, 0.0, 0.0, 0.0, 0.0], [0.0, 0.0, 0.0, 0.0, 0.0, 0.0]], [[0.0, 0.0, 0.0, 0.0, 0.0, 0.0], [0.0, 0.0, 0.0, 0.0, 0.0, 0.0], [0.0, 0.0, 0.0, 0.0, 0.0, 0.0], [0.0, 0.0, 0.0, 0.0, 0.0, 0.0], [0.0, 0.0, 0.0, 0.0, 0.0, 0.0], [0.0, 0.0, 0.0, 0.0, 0.0, 0.0]]], [[[0.018508, 0.007378, 0.025315, 0.005481, 0.0, 0.0], [0.007378, -0.032278, 0.02334, 0.002212, 0.0, 0.0], [0.025315, 0.02334, 0.00113, -0.000236, 0.0, 0.0], [0.005481, 0.002212, -0.000236, 0.008892, 0.0, 0.0], [0.0, 0.0, 0.0, 0.0, -0.001501, 0.00067], [0.0, 0.0, 0.0, 0.0, 0.00067, 0.001031]], [[-0.021717, -0.007563, -0.018568, -0.002959, 0.0, 0.0], [-0.007563, 0.019951, -0.018972, -0.004602, 0.0, 0.0], [-0.018568, -0.018972, -0.002102, -0.003846, 0.0, 0.0], [-0.002959, -0.004602, -0.003846, -0.007096, 0.0, 0.0], [0.0, 0.0, 0.0, 0.0, 0.003793, -0.001225], [0.0, 0.0, 0.0, 0.0, -0.001225, -0.005866]], [[0.046063, 0.019268, 0.008557, 0.010211, 0.0, 0.0], [0.019268, -0.042832, 0.008143, 0.002581, 0.0, 0.0], [0.008557, 0.008143, 0.011607, -0.004612, 0.0, 0.0], [0.010211, 0.002581, -0.004612, 0.002158, 0.0, 0.0], [0.0, 0.0, 0.0, 0.0, 0.00307, -0.001427], [0.0, 0.0, 0.0, 0.0, -0.001427, -0.001337]], [[-0.012199, 0.000917, 0.014494, -0.009088, 0.0, 0.0], [0.000917, 0.002487, 0.007476, -0.003351, 0.0, 0.0], [0.014494, 0.007476, -0.015243, 0.00293, 0.0, 0.0], [-0.009088, -0.003351, 0.00293, -0.002128, 0.0, 0.0], [0.0, 0.0, 0.0, 0.0, -0.000684, 0.001032], [0.0, 0.0, 0.0, 0.0, 0.001032, -0.003912]], [[0.037443, -0.007088, 0.040466, 0.002007, 0.0, 0.0], [-0.007088, 0.017468, -0.017683, -0.005262, 0.0, 0.0], [0.040466, -0.017683, 0.034335, 0.004708, 0.0, 0.0], [0.002007, -0.005262, 0.004708, -0.003679, 0.0, 0.0], [0.0, 0.0, 0.0, 0.0, 0.003468, -0.0065], [0.0, 0.0, 0.0, 0.0, -0.0065, 0.004065]], [[-0.009212, -0.001311, -0.007534, -0.001162, 0.0, 0.0], [-0.001311, -0.006627, 0.004985, -0.001059, 0.0, 0.0], [-0.007534, 0.004985, -0.022166, -0.001636, 0.0, 0.0], [-0.001162, -0.001059, -0.001636, -0.001736, 0.0, 0.0], [0.0, 0.0, 0.0, 0.0, 0.003927, -0.007372], [0.0, 0.0, 0.0, 0.0, -0.007372, 0.007424]], [[0.01034, -0.020348, 0.007635, -0.001399, 0.0, 0.0], [-0.020348, -0.009433, -0.015849, -0.006045, 0.0, 0.0], [0.007635, -0.015849, 0.013761, 0.001263, 0.0, 0.0], [-0.001399, -0.006045, 0.001263, -0.00077, 0.0, 0.0], [0.0, 0.0, 0.0, 0.0, 0.002467, -0.001946], [0.0, 0.0, 0.0, 0.0, -0.001946, 0.0034]], [[-0.011322, -0.026888, 0.003582, -0.002672, 0.0, 0.0], [-0.026888, -0.021551, 0.015144, -0.010094, 0.0, 0.0], [0.003582, 0.015144, 0.011597, -0.001846, 0.0, 0.0], [-0.002672, -0.010094, -0.001846, 0.000523, 0.0, 0.0], [0.0, 0.0, 0.0, 0.0, 0.000672, -0.000489], [0.0, 0.0, 0.0, 0.0, -0.000489, 0.00267]], [[0.007947, 0.004696, 0.006706, 0.005958, 0.0, 0.0], [0.004696, -0.00279, 0.011477, -0.001861, 0.0, 0.0], [0.006706, 0.011477, -0.001597, 0.006063, 0.0, 0.0], [0.005958, -0.001861, 0.006063, 2.2e-05, 0.0, 0.0], [0.0, 0.0, 0.0, 0.0, 5e-05, 0.000221], [0.0, 0.0, 0.0, 0.0, 0.000221, -0.000387]], [[0.0, 0.0, 0.0, 0.0, 0.0, 0.0], [0.0, 0.0, 0.0, 0.0, 0.0, 0.0], [0.0, 0.0, 0.0, 0.0, 0.0, 0.0], [0.0, 0.0, 0.0, 0.0, 0.0, 0.0], [0.0, 0.0, 0.0, 0.0, 0.0, 0.0], [0.0, 0.0, 0.0, 0.0, 0.0, 0.0]], [[0.0, 0.0, 0.0, 0.0, 0.0, 0.0], [0.0, 0.0, 0.0, 0.0, 0.0, 0.0], [0.0, 0.0, 0.0, 0.0, 0.0, 0.0], [0.0, 0.0, 0.0, 0.0, 0.0, 0.0], [0.0, 0.0, 0.0, 0.0, 0.0, 0.0], [0.0, 0.0, 0.0, 0.0, 0.0, 0.0]], [[0.0, 0.0, 0.0, 0.0, 0.0, 0.0], [0.0, 0.0, 0.0, 0.0, 0.0, 0.0], [0.0, 0.0, 0.0, 0.0, 0.0, 0.0], [0.0, 0.0, 0.0, 0.0, 0.0, 0.0], [0.0, 0.0, 0.0, 0.0, 0.0, 0.0], [0.0, 0.0, 0.0, 0.0, 0.0, 0.0]]], [[[0.019489, 0.011386, 0.00486, 4.1e-05, 0.0, 0.0], [0.011386, -0.011589, 0.012503, -0.00563, 0.0, 0.0], [0.00486, 0.012503, 0.001281, 0.004666, 0.0, 0.0], [4.1e-05, -0.00563, 0.004666, -0.001644, 0.0, 0.0], [0.0, 0.0, 0.0, 0.0, 0.000278, 0.001028], [0.0, 0.0, 0.0, 0.0, 0.001028, -0.000229]], [[-0.011447, -0.002698, -0.003269, -0.005747, 0.0, 0.0], [-0.002698, 0.015532, -0.010798, -0.001106, 0.0, 0.0], [-0.003269, -0.010798, -0.005368, -0.002138, 0.0, 0.0], [-0.005747, -0.001106, -0.002138, -0.002112, 0.0, 0.0], [0.0, 0.0, 0.0, 0.0, -0.002116, -0.000112], [0.0, 0.0, 0.0, 0.0, -0.000112, -0.001871]], [[0.013155, 0.016038, 0.011859, 0.003962, 0.0, 0.0], [0.016038, -0.009212, 0.02446, -0.004737, 0.0, 0.0], [0.011859, 0.02446, 0.008621, 0.009815, 0.0, 0.0], [0.003962, -0.004737, 0.009815, 0.004915, 0.0, 0.0], [0.0, 0.0, 0.0, 0.0, 0.002716, 0.001699], [0.0, 0.0, 0.0, 0.0, 0.001699, 0.001136]], [[-0.002007, -0.003396, 0.005816, -0.004356, 0.0, 0.0], [-0.003396, -0.01889, 0.00105, -0.003124, 0.0, 0.0], [0.005816, 0.00105, 0.007375, 0.002742, 0.0, 0.0], [-0.004356, -0.003124, 0.002742, -0.002869, 0.0, 0.0], [0.0, 0.0, 0.0, 0.0, -0.000864, 0.000162], [0.0, 0.0, 0.0, 0.0, 0.000162, -0.001817]], [[-0.038834, 0.020046, -0.017199, -0.00339, 0.0, 0.0], [0.020046, 0.002179, 0.019036, 0.006024, 0.0, 0.0], [-0.017199, 0.019036, -0.021383, -0.003106, 0.0, 0.0], [-0.00339, 0.006024, -0.003106, -0.001554, 0.0, 0.0], [0.0, 0.0, 0.0, 0.0, -0.00235, 0.000998], [0.0, 0.0, 0.0, 0.0, 0.000998, -0.003261]], [[0.01034, -0.020348, 0.007635, -0.001399, 0.0, 0.0], [-0.020348, -0.009433, -0.015849, -0.006045, 0.0, 0.0], [0.007635, -0.015849, 0.013761, 0.001263, 0.0, 0.0], [-0.001399, -0.006045, 0.001263, -0.00077, 0.0, 0.0], [0.0, 0.0, 0.0, 0.0, 0.002467, -0.001946], [0.0, 0.0, 0.0, 0.0, -0.001946, 0.0034]], [[0.000564, -0.0139, 0.00918, -0.000789, 0.0, 0.0], [-0.0139, -0.008398, -0.001972, -0.001058, 0.0, 0.0], [0.00918, -0.001972, 0.010179, 0.000874, 0.0, 0.0], [-0.000789, -0.001058, 0.000874, 0.001325, 0.0, 0.0], [0.0, 0.0, 0.0, 0.0, 0.001275, 1.7e-05], [0.0, 0.0, 0.0, 0.0, 1.7e-05, 0.001638]], [[0.019715, 0.012528, -0.007795, 0.004254, 0.0, 0.0], [0.012528, 0.00774, -0.012876, 0.003235, 0.0, 0.0], [-0.007795, -0.012876, 0.005361, -0.001615, 0.0, 0.0], [0.004254, 0.003235, -0.001615, -0.001529, 0.0, 0.0], [0.0, 0.0, 0.0, 0.0, -0.000623, -7.6e-05], [0.0, 0.0, 0.0, 0.0, -7.6e-05, -0.000475]], [[0.020212, -0.004215, 0.006356, -0.003123, 0.0, 0.0], [-0.004215, -0.015493, 0.006662, 0.000132, 0.0, 0.0], [0.006356, 0.006662, -0.00858, -0.001025, 0.0, 0.0], [-0.003123, 0.000132, -0.001025, -0.001041, 0.0, 0.0], [0.0, 0.0, 0.0, 0.0, -0.001006, -0.000435], [0.0, 0.0, 0.0, 0.0, -0.000435, -0.000409]], [[0.0, 0.0, 0.0, 0.0, 0.0, 0.0], [0.0, 0.0, 0.0, 0.0, 0.0, 0.0], [0.0, 0.0, 0.0, 0.0, 0.0, 0.0], [0.0, 0.0, 0.0, 0.0, 0.0, 0.0], [0.0, 0.0, 0.0, 0.0, 0.0, 0.0], [0.0, 0.0, 0.0, 0.0, 0.0, 0.0]], [[0.0, 0.0, 0.0, 0.0, 0.0, 0.0], [0.0, 0.0, 0.0, 0.0, 0.0, 0.0], [0.0, 0.0, 0.0, 0.0, 0.0, 0.0], [0.0, 0.0, 0.0, 0.0, 0.0, 0.0], [0.0, 0.0, 0.0, 0.0, 0.0, 0.0], [0.0, 0.0, 0.0, 0.0, 0.0, 0.0]], [[0.0, 0.0, 0.0, 0.0, 0.0, 0.0], [0.0, 0.0, 0.0, 0.0, 0.0, 0.0], [0.0, 0.0, 0.0, 0.0, 0.0, 0.0], [0.0, 0.0, 0.0, 0.0, 0.0, 0.0], [0.0, 0.0, 0.0, 0.0, 0.0, 0.0], [0.0, 0.0, 0.0, 0.0, 0.0, 0.0]]], [[[-0.00469, -0.004756, 0.009365, 0.005418, 0.0, 0.0], [-0.004756, -0.007662, 0.002879, 0.000952, 0.0, 0.0], [0.009365, 0.002879, -0.000636, -0.002424, 0.0, 0.0], [0.005418, 0.000952, -0.002424, 0.009231, 0.0, 0.0], [0.0, 0.0, 0.0, 0.0, 0.000292, 0.00093], [0.0, 0.0, 0.0, 0.0, 0.00093, 0.000867]], [[-0.005791, -0.007912, -0.012432, 0.003029, 0.0, 0.0], [-0.007912, -0.004878, 0.00136, -0.0036, 0.0, 0.0], [-0.012432, 0.00136, 0.010925, -0.00609, 0.0, 0.0], [0.003029, -0.0036, -0.00609, -0.003339, 0.0, 0.0], [0.0, 0.0, 0.0, 0.0, -0.00251, 5.8e-05], [0.0, 0.0, 0.0, 0.0, 5.8e-05, -0.001753]], [[0.017751, 0.000968, 0.006853, 0.008504, 0.0, 0.0], [0.000968, -0.000646, 0.000292, 0.003033, 0.0, 0.0], [0.006853, 0.000292, -0.018572, 0.003372, 0.0, 0.0], [0.008504, 0.003033, 0.003372, -0.002308, 0.0, 0.0], [0.0, 0.0, 0.0, 0.0, -0.003436, -0.001814], [0.0, 0.0, 0.0, 0.0, -0.001814, -0.0034]], [[0.004768, -0.017846, -0.005658, 0.005378, 0.0, 0.0], [-0.017846, -0.02673, 0.02021, -0.012812, 0.0, 0.0], [-0.005658, 0.02021, 0.008464, -0.006002, 0.0, 0.0], [0.005378, -0.012812, -0.006002, 0.007198, 0.0, 0.0], [0.0, 0.0, 0.0, 0.0, -0.000332, 0.006225], [0.0, 0.0, 0.0, 0.0, 0.006225, -0.00177]], [[0.035388, 0.013743, -0.009954, 0.011373, 0.0, 0.0], [0.013743, -0.003682, 0.004792, 0.001418, 0.0, 0.0], [-0.009954, 0.004792, -0.003996, -0.002468, 0.0, 0.0], [0.011373, 0.001418, -0.002468, 0.004299, 0.0, 0.0], [0.0, 0.0, 0.0, 0.0, 0.00088, 0.000757], [0.0, 0.0, 0.0, 0.0, 0.000757, 0.001684]], [[-0.011322, -0.026888, 0.003582, -0.002672, 0.0, 0.0], [-0.026888, -0.021551, 0.015144, -0.010094, 0.0, 0.0], [0.003582, 0.015144, 0.011597, -0.001846, 0.0, 0.0], [-0.002672, -0.010094, -0.001846, 0.000523, 0.0, 0.0], [0.0, 0.0, 0.0, 0.0, 0.000672, -0.000489], [0.0, 0.0, 0.0, 0.0, -0.000489, 0.00267]], [[0.019715, 0.012528, -0.007795, 0.004254, 0.0, 0.0], [0.012528, 0.00774, -0.012876, 0.003235, 0.0, 0.0], [-0.007795, -0.012876, 0.005361, -0.001615, 0.0, 0.0], [0.004254, 0.003235, -0.001615, -0.001529, 0.0, 0.0], [0.0, 0.0, 0.0, 0.0, -0.000623, -7.6e-05], [0.0, 0.0, 0.0, 0.0, -7.6e-05, -0.000475]], [[-0.018815, -0.007378, 0.012412, -0.005435, 0.0, 0.0], [-0.007378, -0.000876, 0.003356, -0.000838, 0.0, 0.0], [0.012412, 0.003356, -9.2e-05, 0.00095, 0.0, 0.0], [-0.005435, -0.000838, 0.00095, 0.001643, 0.0, 0.0], [0.0, 0.0, 0.0, 0.0, 0.001752, -0.000592], [0.0, 0.0, 0.0, 0.0, -0.000592, 0.002459]], [[-0.031474, 0.015127, -0.00945, -0.002737, 0.0, 0.0], [0.015127, 0.011405, -0.013113, 0.003837, 0.0, 0.0], [-0.00945, -0.013113, 0.021157, -0.003222, 0.0, 0.0], [-0.002737, 0.003837, -0.003222, -0.000792, 0.0, 0.0], [0.0, 0.0, 0.0, 0.0, 0.000438, 0.000191], [0.0, 0.0, 0.0, 0.0, 0.000191, 0.000331]], [[0.0, 0.0, 0.0, 0.0, 0.0, 0.0], [0.0, 0.0, 0.0, 0.0, 0.0, 0.0], [0.0, 0.0, 0.0, 0.0, 0.0, 0.0], [0.0, 0.0, 0.0, 0.0, 0.0, 0.0], [0.0, 0.0, 0.0, 0.0, 0.0, 0.0], [0.0, 0.0, 0.0, 0.0, 0.0, 0.0]], [[0.0, 0.0, 0.0, 0.0, 0.0, 0.0], [0.0, 0.0, 0.0, 0.0, 0.0, 0.0], [0.0, 0.0, 0.0, 0.0, 0.0, 0.0], [0.0, 0.0, 0.0, 0.0, 0.0, 0.0], [0.0, 0.0, 0.0, 0.0, 0.0, 0.0], [0.0, 0.0, 0.0, 0.0, 0.0, 0.0]], [[0.0, 0.0, 0.0, 0.0, 0.0, 0.0], [0.0, 0.0, 0.0, 0.0, 0.0, 0.0], [0.0, 0.0, 0.0, 0.0, 0.0, 0.0], [0.0, 0.0, 0.0, 0.0, 0.0, 0.0], [0.0, 0.0, 0.0, 0.0, 0.0, 0.0], [0.0, 0.0, 0.0, 0.0, 0.0, 0.0]]], [[[-0.005468, -0.023066, 0.012518, 0.001419, 0.0, 0.0], [-0.023066, -0.016165, -0.017742, -0.010099, 0.0, 0.0], [0.012518, -0.017742, 0.033579, 0.007578, 0.0, 0.0], [0.001419, -0.010099, 0.007578, -0.000925, 0.0, 0.0], [0.0, 0.0, 0.0, 0.0, 0.001155, 0.001303], [0.0, 0.0, 0.0, 0.0, 0.001303, -0.000986]], [[-0.006341, 0.018869, -0.016441, 0.003741, 0.0, 0.0], [0.018869, 0.02341, 0.011606, 0.002119, 0.0, 0.0], [-0.016441, 0.011606, -0.027324, 0.003521, 0.0, 0.0], [0.003741, 0.002119, 0.003521, 0.003229, 0.0, 0.0], [0.0, 0.0, 0.0, 0.0, 0.001585, -0.000302], [0.0, 0.0, 0.0, 0.0, -0.000302, 0.001444]], [[0.008221, -0.044665, 0.016258, -0.001864, 0.0, 0.0], [-0.044665, -0.019782, -0.023939, -0.011913, 0.0, 0.0], [0.016258, -0.023939, 0.016036, 0.004052, 0.0, 0.0], [-0.001864, -0.011913, 0.004052, -0.003015, 0.0, 0.0], [0.0, 0.0, 0.0, 0.0, -0.003114, 0.000973], [0.0, 0.0, 0.0, 0.0, 0.000973, -0.003948]], [[0.010971, 0.001875, 0.003223, 0.00299, 0.0, 0.0], [0.001875, -0.019612, 0.004837, -0.001345, 0.0, 0.0], [0.003223, 0.004837, -0.005286, 0.005088, 0.0, 0.0], [0.00299, -0.001345, 0.005088, -0.003838, 0.0, 0.0], [0.0, 0.0, 0.0, 0.0, -0.002736, 0.000136], [0.0, 0.0, 0.0, 0.0, 0.000136, -0.003373]], [[0.014305, -0.003837, 0.008029, 0.001163, 0.0, 0.0], [-0.003837, -0.006475, -0.009302, 0.000485, 0.0, 0.0], [0.008029, -0.009302, 0.001294, -0.000631, 0.0, 0.0], [0.001163, 0.000485, -0.000631, -0.000717, 0.0, 0.0], [0.0, 0.0, 0.0, 0.0, -0.000631, -0.00012], [0.0, 0.0, 0.0, 0.0, -0.00012, -0.00042]], [[0.007947, 0.004696, 0.006706, 0.005958, 0.0, 0.0], [0.004696, -0.00279, 0.011477, -0.001861, 0.0, 0.0], [0.006706, 0.011477, -0.001597, 0.006063, 0.0, 0.0], [0.005958, -0.001861, 0.006063, 2.2e-05, 0.0, 0.0], [0.0, 0.0, 0.0, 0.0, 5e-05, 0.000221], [0.0, 0.0, 0.0, 0.0, 0.000221, -0.000387]], [[0.020212, -0.004215, 0.006356, -0.003123, 0.0, 0.0], [-0.004215, -0.015493, 0.006662, 0.000132, 0.0, 0.0], [0.006356, 0.006662, -0.00858, -0.001025, 0.0, 0.0], [-0.003123, 0.000132, -0.001025, -0.001041, 0.0, 0.0], [0.0, 0.0, 0.0, 0.0, -0.001006, -0.000435], [0.0, 0.0, 0.0, 0.0, -0.000435, -0.000409]], [[-0.031474, 0.015127, -0.00945, -0.002737, 0.0, 0.0], [0.015127, 0.011405, -0.013113, 0.003837, 0.0, 0.0], [-0.00945, -0.013113, 0.021157, -0.003222, 0.0, 0.0], [-0.002737, 0.003837, -0.003222, -0.000792, 0.0, 0.0], [0.0, 0.0, 0.0, 0.0, 0.000438, 0.000191], [0.0, 0.0, 0.0, 0.0, 0.000191, 0.000331]], [[-0.012174, 0.014922, -0.013678, -0.000373, 0.0, 0.0], [0.014922, -0.001186, 0.013504, 0.002087, 0.0, 0.0], [-0.013678, 0.013504, -0.009703, 0.000715, 0.0, 0.0], [-0.000373, 0.002087, 0.000715, 0.002736, 0.0, 0.0], [0.0, 0.0, 0.0, 0.0, 0.002477, -5.5e-05], [0.0, 0.0, 0.0, 0.0, -5.5e-05, 0.00306]], [[0.0, 0.0, 0.0, 0.0, 0.0, 0.0], [0.0, 0.0, 0.0, 0.0, 0.0, 0.0], [0.0, 0.0, 0.0, 0.0, 0.0, 0.0], [0.0, 0.0, 0.0, 0.0, 0.0, 0.0], [0.0, 0.0, 0.0, 0.0, 0.0, 0.0], [0.0, 0.0, 0.0, 0.0, 0.0, 0.0]], [[0.0, 0.0, 0.0, 0.0, 0.0, 0.0], [0.0, 0.0, 0.0, 0.0, 0.0, 0.0], [0.0, 0.0, 0.0, 0.0, 0.0, 0.0], [0.0, 0.0, 0.0, 0.0, 0.0, 0.0], [0.0, 0.0, 0.0, 0.0, 0.0, 0.0], [0.0, 0.0, 0.0, 0.0, 0.0, 0.0]], [[0.0, 0.0, 0.0, 0.0, 0.0, 0.0], [0.0, 0.0, 0.0, 0.0, 0.0, 0.0], [0.0, 0.0, 0.0, 0.0, 0.0, 0.0], [0.0, 0.0, 0.0, 0.0, 0.0, 0.0], [0.0, 0.0, 0.0, 0.0, 0.0, 0.0], [0.0, 0.0, 0.0, 0.0, 0.0, 0.0]]], [[[0.0, 0.0, 0.0, 0.0, 0.0, 0.0], [0.0, 0.0, 0.0, 0.0, 0.0, 0.0], [0.0, 0.0, 0.0, 0.0, 0.0, 0.0], [0.0, 0.0, 0.0, 0.0, 0.0, 0.0], [0.0, 0.0, 0.0, 0.0, 0.0, 0.0], [0.0, 0.0, 0.0, 0.0, 0.0, 0.0]], [[0.0, 0.0, 0.0, 0.0, 0.0, 0.0], [0.0, 0.0, 0.0, 0.0, 0.0, 0.0], [0.0, 0.0, 0.0, 0.0, 0.0, 0.0], [0.0, 0.0, 0.0, 0.0, 0.0, 0.0], [0.0, 0.0, 0.0, 0.0, 0.0, 0.0], [0.0, 0.0, 0.0, 0.0, 0.0, 0.0]], [[0.0, 0.0, 0.0, 0.0, 0.0, 0.0], [0.0, 0.0, 0.0, 0.0, 0.0, 0.0], [0.0, 0.0, 0.0, 0.0, 0.0, 0.0], [0.0, 0.0, 0.0, 0.0, 0.0, 0.0], [0.0, 0.0, 0.0, 0.0, 0.0, 0.0], [0.0, 0.0, 0.0, 0.0, 0.0, 0.0]], [[0.0, 0.0, 0.0, 0.0, 0.0, 0.0], [0.0, 0.0, 0.0, 0.0, 0.0, 0.0], [0.0, 0.0, 0.0, 0.0, 0.0, 0.0], [0.0, 0.0, 0.0, 0.0, 0.0, 0.0], [0.0, 0.0, 0.0, 0.0, 0.0, 0.0], [0.0, 0.0, 0.0, 0.0, 0.0, 0.0]], [[0.0, 0.0, 0.0, 0.0, 0.0, 0.0], [0.0, 0.0, 0.0, 0.0, 0.0, 0.0], [0.0, 0.0, 0.0, 0.0, 0.0, 0.0], [0.0, 0.0, 0.0, 0.0, 0.0, 0.0], [0.0, 0.0, 0.0, 0.0, 0.0, 0.0], [0.0, 0.0, 0.0, 0.0, 0.0, 0.0]], [[0.0, 0.0, 0.0, 0.0, 0.0, 0.0], [0.0, 0.0, 0.0, 0.0, 0.0, 0.0], [0.0, 0.0, 0.0, 0.0, 0.0, 0.0], [0.0, 0.0, 0.0, 0.0, 0.0, 0.0], [0.0, 0.0, 0.0, 0.0, 0.0, 0.0], [0.0, 0.0, 0.0, 0.0, 0.0, 0.0]], [[0.0, 0.0, 0.0, 0.0, 0.0, 0.0], [0.0, 0.0, 0.0, 0.0, 0.0, 0.0], [0.0, 0.0, 0.0, 0.0, 0.0, 0.0], [0.0, 0.0, 0.0, 0.0, 0.0, 0.0], [0.0, 0.0, 0.0, 0.0, 0.0, 0.0], [0.0, 0.0, 0.0, 0.0, 0.0, 0.0]], [[0.0, 0.0, 0.0, 0.0, 0.0, 0.0], [0.0, 0.0, 0.0, 0.0, 0.0, 0.0], [0.0, 0.0, 0.0, 0.0, 0.0, 0.0], [0.0, 0.0, 0.0, 0.0, 0.0, 0.0], [0.0, 0.0, 0.0, 0.0, 0.0, 0.0], [0.0, 0.0, 0.0, 0.0, 0.0, 0.0]], [[0.0, 0.0, 0.0, 0.0, 0.0, 0.0], [0.0, 0.0, 0.0, 0.0, 0.0, 0.0], [0.0, 0.0, 0.0, 0.0, 0.0, 0.0], [0.0, 0.0, 0.0, 0.0, 0.0, 0.0], [0.0, 0.0, 0.0, 0.0, 0.0, 0.0], [0.0, 0.0, 0.0, 0.0, 0.0, 0.0]], [[-0.03634, -0.011553, -0.003787, -0.011876, 0.0, 0.0], [-0.011553, -0.028915, 0.011638, -0.005542, 0.0, 0.0], [-0.003787, 0.011638, -0.029974, 0.012337, 0.0, 0.0], [-0.011876, -0.005542, 0.012337, 0.002082, 0.0, 0.0], [0.0, 0.0, 0.0, 0.0, 0.010392, 0.00219], [0.0, 0.0, 0.0, 0.0, 0.00219, 0.025077]], [[0.081587, 0.008044, 0.086482, 0.007592, 0.0, 0.0], [0.008044, -0.062728, 0.050635, -0.00491, 0.0, 0.0], [0.086482, 0.050635, 0.029124, 0.021613, 0.0, 0.0], [0.007592, -0.00491, 0.021613, -0.00838, 0.0, 0.0], [0.0, 0.0, 0.0, 0.0, -0.004319, -0.001108], [0.0, 0.0, 0.0, 0.0, -0.001108, -0.01708]], [[-0.006882, -0.020895, 0.065858, -0.023021, 0.0, 0.0], [-0.020895, 0.020797, -0.006965, -0.009147, 0.0, 0.0], [0.065858, -0.006965, 0.00291, 0.023306, 0.0, 0.0], [-0.023021, -0.009147, 0.023306, -0.022279, 0.0, 0.0], [0.0, 0.0, 0.0, 0.0, 0.007557, -0.007186], [0.0, 0.0, 0.0, 0.0, -0.007186, 0.000707]]], [[[0.0, 0.0, 0.0, 0.0, 0.0, 0.0], [0.0, 0.0, 0.0, 0.0, 0.0, 0.0], [0.0, 0.0, 0.0, 0.0, 0.0, 0.0], [0.0, 0.0, 0.0, 0.0, 0.0, 0.0], [0.0, 0.0, 0.0, 0.0, 0.0, 0.0], [0.0, 0.0, 0.0, 0.0, 0.0, 0.0]], [[0.0, 0.0, 0.0, 0.0, 0.0, 0.0], [0.0, 0.0, 0.0, 0.0, 0.0, 0.0], [0.0, 0.0, 0.0, 0.0, 0.0, 0.0], [0.0, 0.0, 0.0, 0.0, 0.0, 0.0], [0.0, 0.0, 0.0, 0.0, 0.0, 0.0], [0.0, 0.0, 0.0, 0.0, 0.0, 0.0]], [[0.0, 0.0, 0.0, 0.0, 0.0, 0.0], [0.0, 0.0, 0.0, 0.0, 0.0, 0.0], [0.0, 0.0, 0.0, 0.0, 0.0, 0.0], [0.0, 0.0, 0.0, 0.0, 0.0, 0.0], [0.0, 0.0, 0.0, 0.0, 0.0, 0.0], [0.0, 0.0, 0.0, 0.0, 0.0, 0.0]], [[0.0, 0.0, 0.0, 0.0, 0.0, 0.0], [0.0, 0.0, 0.0, 0.0, 0.0, 0.0], [0.0, 0.0, 0.0, 0.0, 0.0, 0.0], [0.0, 0.0, 0.0, 0.0, 0.0, 0.0], [0.0, 0.0, 0.0, 0.0, 0.0, 0.0], [0.0, 0.0, 0.0, 0.0, 0.0, 0.0]], [[0.0, 0.0, 0.0, 0.0, 0.0, 0.0], [0.0, 0.0, 0.0, 0.0, 0.0, 0.0], [0.0, 0.0, 0.0, 0.0, 0.0, 0.0], [0.0, 0.0, 0.0, 0.0, 0.0, 0.0], [0.0, 0.0, 0.0, 0.0, 0.0, 0.0], [0.0, 0.0, 0.0, 0.0, 0.0, 0.0]], [[0.0, 0.0, 0.0, 0.0, 0.0, 0.0], [0.0, 0.0, 0.0, 0.0, 0.0, 0.0], [0.0, 0.0, 0.0, 0.0, 0.0, 0.0], [0.0, 0.0, 0.0, 0.0, 0.0, 0.0], [0.0, 0.0, 0.0, 0.0, 0.0, 0.0], [0.0, 0.0, 0.0, 0.0, 0.0, 0.0]], [[0.0, 0.0, 0.0, 0.0, 0.0, 0.0], [0.0, 0.0, 0.0, 0.0, 0.0, 0.0], [0.0, 0.0, 0.0, 0.0, 0.0, 0.0], [0.0, 0.0, 0.0, 0.0, 0.0, 0.0], [0.0, 0.0, 0.0, 0.0, 0.0, 0.0], [0.0, 0.0, 0.0, 0.0, 0.0, 0.0]], [[0.0, 0.0, 0.0, 0.0, 0.0, 0.0], [0.0, 0.0, 0.0, 0.0, 0.0, 0.0], [0.0, 0.0, 0.0, 0.0, 0.0, 0.0], [0.0, 0.0, 0.0, 0.0, 0.0, 0.0], [0.0, 0.0, 0.0, 0.0, 0.0, 0.0], [0.0, 0.0, 0.0, 0.0, 0.0, 0.0]], [[0.0, 0.0, 0.0, 0.0, 0.0, 0.0], [0.0, 0.0, 0.0, 0.0, 0.0, 0.0], [0.0, 0.0, 0.0, 0.0, 0.0, 0.0], [0.0, 0.0, 0.0, 0.0, 0.0, 0.0], [0.0, 0.0, 0.0, 0.0, 0.0, 0.0], [0.0, 0.0, 0.0, 0.0, 0.0, 0.0]], [[0.081587, 0.008044, 0.086482, 0.007592, 0.0, 0.0], [0.008044, -0.062728, 0.050635, -0.00491, 0.0, 0.0], [0.086482, 0.050635, 0.029124, 0.021613, 0.0, 0.0], [0.007592, -0.00491, 0.021613, -0.00838, 0.0, 0.0], [0.0, 0.0, 0.0, 0.0, -0.004319, -0.001108], [0.0, 0.0, 0.0, 0.0, -0.001108, -0.01708]], [[-0.05475, 0.001931, -0.071221, -0.0087, 0.0, 0.0], [0.001931, -0.025524, 0.031977, -0.004748, 0.0, 0.0], [-0.071221, 0.031977, -0.048143, -0.005235, 0.0, 0.0], [-0.0087, -0.004748, -0.005235, 0.021371, 0.0, 0.0], [0.0, 0.0, 0.0, 0.0, 0.02839, -0.006378], [0.0, 0.0, 0.0, 0.0, -0.006378, 0.039031]], [[-0.033658, -0.025628, 0.005664, -0.010115, 0.0, 0.0], [-0.025628, 0.052365, -0.045749, -0.000688, 0.0, 0.0], [0.005664, -0.045749, 0.004064, 0.005342, 0.0, 0.0], [-0.010115, -0.000688, 0.005342, -0.014624, 0.0, 0.0], [0.0, 0.0, 0.0, 0.0, -0.011321, -0.001669], [0.0, 0.0, 0.0, 0.0, -0.001669, -0.009771]]], [[[0.0, 0.0, 0.0, 0.0, 0.0, 0.0], [0.0, 0.0, 0.0, 0.0, 0.0, 0.0], [0.0, 0.0, 0.0, 0.0, 0.0, 0.0], [0.0, 0.0, 0.0, 0.0, 0.0, 0.0], [0.0, 0.0, 0.0, 0.0, 0.0, 0.0], [0.0, 0.0, 0.0, 0.0, 0.0, 0.0]], [[0.0, 0.0, 0.0, 0.0, 0.0, 0.0], [0.0, 0.0, 0.0, 0.0, 0.0, 0.0], [0.0, 0.0, 0.0, 0.0, 0.0, 0.0], [0.0, 0.0, 0.0, 0.0, 0.0, 0.0], [0.0, 0.0, 0.0, 0.0, 0.0, 0.0], [0.0, 0.0, 0.0, 0.0, 0.0, 0.0]], [[0.0, 0.0, 0.0, 0.0, 0.0, 0.0], [0.0, 0.0, 0.0, 0.0, 0.0, 0.0], [0.0, 0.0, 0.0, 0.0, 0.0, 0.0], [0.0, 0.0, 0.0, 0.0, 0.0, 0.0], [0.0, 0.0, 0.0, 0.0, 0.0, 0.0], [0.0, 0.0, 0.0, 0.0, 0.0, 0.0]], [[0.0, 0.0, 0.0, 0.0, 0.0, 0.0], [0.0, 0.0, 0.0, 0.0, 0.0, 0.0], [0.0, 0.0, 0.0, 0.0, 0.0, 0.0], [0.0, 0.0, 0.0, 0.0, 0.0, 0.0], [0.0, 0.0, 0.0, 